| Run on Thu Oct  1 14:46:32 2026
| GB non-polar solvation energies calculated with gbsa=2
idecomp = 1: Per-residue decomp adding 1-4 interactions to Internal.
Energy Decomposition Analysis (All units kcal/mol): Generalized Born model

DELTAS:
Total Energy Decomposition:
Residue,Internal,,,van der Waals,,,Electrostatic,,,Polar Solvation,,,Non-Polar Solv.,,,TOTAL,,
,Avg.,Std. Dev.,Std. Err. of Mean,Avg.,Std. Dev.,Std. Err. of Mean,Avg.,Std. Dev.,Std. Err. of Mean,Avg.,Std. Dev.,Std. Err. of Mean,Avg.,Std. Dev.,Std. Err. of Mean,Avg.,Std. Dev.,Std. Err. of Mean
R:A:GLN:82,0.0,5.287887505192759,1.1539116551884292,-1.0815238095238098,2.4690672157921854,0.5387946386810264,-1.005095238095238,24.586545684272266,5.365224127412738,1.9515238095238099,22.800099659447227,4.975389644854943,-0.13476274285714288,0.3938527683144594,0.08594572016518645,-0.2698579809523786,34.0375666044492,7.427605973189975
R:A:ILE:83,0.0,5.924925998753314,1.2929248512523281,-0.3115238095238094,1.2552401437948455,0.2739158559184349,-0.0163809523809521,5.900580965669931,1.2876123294951471,0.17399999999999977,2.4479149524671953,0.5341788364045309,-0.04039131428571427,0.2222035324720182,0.04848878605902864,-0.19429607619047615,8.805617165541486,1.9215432000903026
R:A:PRO:87,0.0,4.127515806167039,0.9006977911374825,-0.11942857142857137,1.2355537192681179,0.2696199258919223,0.03771428571428613,5.7267473179403865,1.249678717635579,-0.018809523809523856,4.64751021388965,1.0141698737252252,-0.025467085714285704,0.2582473369994821,0.05635418903909032,-0.12599089523809429,8.545446591148375,1.8647693262447513
R:A:SER:88,0.0,6.018135902167834,1.3132649197245454,-0.23242857142857148,1.937864276632532,0.42287665401044866,-0.06366666666666683,6.517183354779777,1.4221660019611702,0.26171428571428573,3.4674378053889248,0.7566569624164907,-0.04038137142857143,0.2499246562224279,0.054538031198813904,-0.07476232380952347,9.722784778007629,2.1216855814754463
R:B:LYS:127,0.0,4.002570403153398,0.8734324688971601,-0.33785714285714274,2.220630657495029,0.48458133707192985,0.5770952380952379,28.284043910355223,6.172084389459885,-0.15766666666666684,27.97889560003633,6.105495568973018,-0.014420914285714284,0.3023868902623813,0.0659862292280794,0.067150514285715,40.04808293915257,8.739208166977916
R:B:LEU:129,0.0,6.795928264747344,1.4829931281283142,-0.038190476190476295,1.7102709443090722,0.37321171719904417,0.007190476190474996,5.21733227546055,1.1385152418111508,0.004666666666666714,2.2346607812498607,0.4876429610774591,-0.0005197714285714319,0.24166601291053547,0.052735847479081145,-0.02685310476190778,9.021215828487554,1.9685906854560942
R:C:LEU:150,0.0,5.862326932304654,1.279264615041159,-0.2496666666666666,2.3797608647178463,0.5193063951649093,-0.0481428571428566,5.092965128978272,1.1113761054911173,0.08752380952380957,2.6031991316111145,0.5680646223643449,-0.04776171428571428,0.43399134633038344,0.09470467597689418,-0.2580474285714286,8.540106957583513,1.863604122673594
R:C:LEU:151,0.0,6.660418247985274,1.4534224181646513,-0.05538095238095235,2.0284507922993957,0.44264425234310134,-0.8364285714285713,4.9905422696461255,1.0890256052157186,0.4983809523809524,2.812076833572268,0.6136454738036502,-0.02661702857142858,0.42216297142906645,0.09212351296100842,-0.42004559999999913,9.025923426019059,1.9696179674574994
R:C:LYS:152,0.0,5.008291698922557,1.0928988482253144,-0.5482857142857144,2.208319321737092,0.4818947833568459,-0.1026190476190475,26.458181656643823,5.773648580593449,0.3848095238095236,22.838271829711648,4.983719495315773,-0.06494502857142857,0.5340970618212081,0.11654953401186642,-0.33104026666666503,35.38173195850458,7.720926900880257
R:C:ASN:153,0.0,6.84240712706552,1.4931356474039557,-0.49580952380952376,2.04528828143981,0.44631849370019394,-0.23409523809523863,8.10778591226316,1.7692639362591678,0.390761904761905,4.711805038045748,1.028200154605663,-0.04746685714285713,0.3858652694057227,0.08420270500505962,-0.3866097142857155,11.793554619727328,2.573564607499839
R:C:VAL:154,0.0,5.481351907162933,1.1961290488221286,-0.23276190476190464,2.649565155782969,0.578182518337758,-0.10747619047619038,5.357387595256198,1.1690778182132844,0.1686190476190476,2.5230464614651904,0.55057387578832,-0.013403999999999998,0.5064625189205485,0.11051918236244847,-0.18502304761904678,8.508189221008562,1.8566391015371
R:C:LEU:159,0.0,4.026552250931117,0.8786657371231746,-0.10733333333333331,1.2474379821355355,0.2722132846618601,0.1480952380952374,2.9976029614909354,0.6541305940217147,-0.19157142857142856,1.2527194527151257,0.2733657960290818,0.0,0.05553311478156111,0.012118319145865468,-0.15080952380952356,5.322333888205463,1.1614284722157224
R:C:VAL:160,0.0,4.2215658828687435,0.9212212004518617,0.19133333333333336,1.6500852929236423,0.36007813133123673,-3.832904761904761,2.9895804535054515,0.6523799392547209,1.6213809523809524,1.3280183760988533,0.2897973682269204,-0.017886857142857142,0.03214677922219917,0.007015002339750539,-2.0380773333333337,5.589870972390751,1.219809850286525
R:C:GLY:161,0.0,1.6950741467003105,0.36989550408651684,-0.457809523809524,1.0196749070658615,0.2225113069464939,-0.025904761904762437,3.1971397896349676,0.6976730996836872,0.11366666666666661,1.9281119123342558,0.420748513648466,-0.005208685714285714,0.10014757832578469,0.021853993254496534,-0.3752563047619053,4.226388670875936,0.9222736190758468
R:C:LEU:162,0.0,6.4244013331824075,1.4019193049563619,-1.9129999999999998,1.665343459771067,0.36340773630955053,-0.4304285714285715,3.9016916512580275,0.8514189204889121,0.29057142857142854,1.6769836259286055,0.36594782881044496,-0.20601360000000005,0.1233349221831219,0.02691388651122116,-2.2588707428571437,7.880163999242486,1.7195927626283156
R:C:PHE:174,0.0,5.521035438066853,1.2047887052130968,-0.8425238095238095,2.0712648725683542,0.4519870506117879,-0.08609523809523775,4.9051425164388425,1.0703898512441508,0.31076190476190474,2.1451581751404447,0.4681118912016393,-0.06071931428571429,0.27610279408957783,0.060250569214490304,-0.6785764571428581,7.969336856764029,1.7390518754629813
R:C:LEU:176,0.0,5.06558914517898,1.1054021760633013,-0.8449999999999999,1.8654827100502964,0.4070817012588972,0.04057142857142808,2.5247549073927202,0.5509466892542078,0.00804761904761904,1.0438490694629154,0.22778654166300127,-0.054734399999999996,0.15700933097845504,0.0342622449534831,-0.8511153523809537,6.052179713251105,1.3206938883547295
R:C:ASP:177,0.0,9.279275695989254,2.024903965296895,-0.04414285714285725,1.3504090284864385,0.29468340915194674,-0.272333333333329,27.878126853288986,6.083506025656088,0.30366666666666625,21.06759520815974,4.597326178670522,0.0,0.23804138072259623,0.051944887890147576,-0.01280952380952001,36.180364154998195,7.89520273387363
R:C:LEU:213,0.0,4.09704883113645,0.8940493521244348,-0.051047619047618925,0.9536051084950448,0.2080936948940533,0.015952380952382685,2.0005685835772704,0.4365598555806396,-0.020666666666666673,0.6495460616213453,0.14174257117810787,0.0,0.01378743037135267,0.003008663967412225,-0.055761904761902445,4.703142211826559,1.0263097709446305
R:C:ILE:218,0.0,3.7037363753812156,0.8082215378259904,-0.13585714285714268,1.786844057850273,0.3899213404848061,-0.01876190476190502,2.4708241833697344,0.5391780404390122,0.029523809523809466,1.2854928080845835,0.28051752849375927,-0.03734022857142857,0.17211633864660691,0.03755886429460616,-0.1624354666666654,4.96966425064992,1.0844696479580596
R:C:ASN:227,0.0,4.411697472066055,0.9627113147137155,-0.050142857142857225,1.265289453587812,0.276108795099784,0.035952380952381416,4.562551096971042,0.9956302744749335,-0.015285714285714177,2.5928089846417537,0.565797306413449,0.0,0.047195895947207016,0.010298988841396938,-0.02947619047618979,6.971785308104336,1.5213682811128164
R:C:LEU:238,0.0,3.5663196309010994,0.778234745762441,-0.10652380952380962,1.454170435447234,0.3173260044668498,-0.25738095238095177,2.55721904471056,0.5580309448080383,0.22042857142857145,0.9099405128696332,0.19856529895866823,0.0,0.0015315521826445436,0.0003342120860830216,-0.1434761904761913,4.7117524012116,1.0281886683067665
R:C:THR:239,0.0,4.3059499140296005,0.9396353057013922,-0.7187619047619047,1.3194027337004213,0.2879172809197068,-1.0535714285714295,4.559162979132768,0.9948909265483945,0.048619047619047596,1.4031062882888907,0.30618289400725585,-0.00420617142857143,0.07012065496631138,0.015301581388714432,-1.7279204571428572,6.56061121151156,1.4316427372346507
R:C:ASP:240,0.0,7.214534590709522,1.5743405174192207,-0.8925714285714286,2.3457944353416433,0.5118943126075844,-6.066428571428572,39.32046684065302,8.580429317061599,4.411761904761905,36.46220835225018,7.956706179973215,-0.12416742857142855,0.22070484775649205,0.04816174624227759,-2.6714055238095225,54.158957911069926,11.818453532733589
R:C:PHE:241,0.0,3.715201243698536,0.8107233772020296,-2.011285714285714,1.6814766253871496,0.3669282816731199,0.20257142857142746,4.870090161993002,1.0627408004091754,1.0151428571428571,3.4855776859781313,0.7606154088878002,-0.1593792,0.15658152417888013,0.03416888985625125,-0.9529506285714306,7.247180947620005,1.5814645365481175
R:C:GLY:242,0.0,2.6173833032265392,0.5711598623690082,-0.36709523809523814,0.9117386371124283,0.1989576818373132,-0.043476190476190654,3.8634475850761056,0.8430733810526475,0.3996666666666668,2.791421748622878,0.6091381647433491,-0.022653257142857146,0.10725710290974216,0.023405418709788656,-0.033558019047618674,5.514683073926596,1.2034025057123992
R:C:LEU:243,0.0,5.964731319158521,1.3016110842913202,-0.6989047619047621,1.9892626751964422,0.4340927041065738,-0.22980952380952316,6.4528183879133225,1.4081204146864628,0.23199999999999998,3.3162154213935553,0.7236575328245641,-0.0836266285714286,0.38995342069195277,0.08509481275370631,-0.780340914285713,9.608506608181646,2.09674804035599
R:C:CYS:244,0.0,6.487331903021046,1.4156518811378982,-0.3798571428571428,1.2621218267936476,0.2754175622637064,-0.25761904761904814,6.983064708031375,1.5238296479680227,0.27228571428571435,4.313092057620109,0.9411938492074755,-0.03535097142857143,0.2223180339415604,0.04851377232814106,-0.4005414476190476,10.540104736097181,2.3000394183775184
R:C:LYS:245,0.0,5.942165848834636,1.296686894965059,-0.04138095238095228,1.5617801866696617,0.3408083773474279,-0.12895238095238223,27.989020337873974,6.107704967903142,0.21061904761904668,26.9897302980243,5.889642003673305,-0.006008228571428581,0.3566225178843745,0.07782141346337566,0.03427748571428424,39.366311396685454,8.590433419357803
L:E:UNL:377,0.0,6.79407065220924,1.4825877638393732,-14.36028571428571,3.263966802524477,0.7122559494472094,-14.36561904761905,5.176435464040741,1.1295908259057406,15.479523809523808,3.1680745935639663,0.6913305539177778,-2.876034514285714,0.4897196082610438,0.10686557972192165,-16.12241546666667,9.689421105188496,2.114405031182331

Sidechain Energy Decomposition:
Residue,Internal,,,van der Waals,,,Electrostatic,,,Polar Solvation,,,Non-Polar Solv.,,,TOTAL,,
,Avg.,Std. Dev.,Std. Err. of Mean,Avg.,Std. Dev.,Std. Err. of Mean,Avg.,Std. Dev.,Std. Err. of Mean,Avg.,Std. Dev.,Std. Err. of Mean,Avg.,Std. Dev.,Std. Err. of Mean,Avg.,Std. Dev.,Std. Err. of Mean
R:A:GLN:82,0.0,3.1329037583659773,0.6836556484630348,-0.9527142857142854,2.0097880045241716,0.4385716981688699,-0.4096190476190477,7.710412874998838,1.6825500304306789,0.6229523809523809,5.927542269058393,1.2934957682385897,-0.13061280000000003,0.32387889771231926,0.07067616975074109,-0.8699937523809529,10.418515027445997,2.2735063686812476
R:A:ILE:83,0.0,2.8848448540951983,0.6295247577188134,-0.16161904761904758,0.7940005883123531,0.17326513322765846,-0.015761904761904783,2.195771887379446,0.4791567087034458,0.01966666666666672,1.360570106930553,0.2969007382525438,-0.028722171428571423,0.20225664155440065,0.04413601760621866,-0.18643645714285745,3.9580600946387468,0.8637195232793397
R:A:PRO:87,0.0,2.415845206856611,0.5271806441769843,-0.08157142857142856,0.7641588234673425,0.16675312626226163,0.05952380952380957,2.6005622006860722,0.5674891968611842,-0.041666666666666755,2.5140275119946005,0.5486057796627027,-0.025467428571428558,0.23834182922308736,0.05201045112804932,-0.08918171428571446,4.422704115044936,0.9651131611231476
R:A:SER:88,0.0,2.6322514043651517,0.5744043480312915,-0.17385714285714293,0.93931270285326,0.20497483628850602,-0.09928571428571432,3.963892493582574,0.8649922570718763,0.27342857142857163,2.5288463504028034,0.5518395153158889,-0.0398808,0.15987120179225908,0.03488675636459938,-0.03959508571428563,5.472122273424833,1.1941149776201492
R:B:LYS:127,0.0,3.7623303544671782,0.8210077923226611,-0.2963809523809523,1.417258370228188,0.3092711314704962,0.5114761904761911,26.99184682476058,5.890103867672324,-0.12966666666666696,26.698425264695153,5.826074033885093,-0.014420914285714287,0.2462933716485712,0.05374561994026039,0.07100765714285652,38.17839857871064,8.331209590435046
R:B:LEU:129,0.0,4.101154409683144,0.8949452628130924,-0.03333333333333328,1.0919690239225421,0.23828717660343304,-0.018714285714285916,1.2186780559613082,0.26593735424877735,0.020904761904761992,0.7742126539653629,0.16894705194232992,-0.0005197714285714286,0.21063088077909262,0.04596342642216243,-0.03166262857142922,4.487851451067575,0.9793294753445033
R:C:LEU:150,0.0,3.979674787018512,0.868436235848552,-0.20957142857142858,1.5701499343459309,0.342634806027151,0.0028095238095234365,2.5585909024100926,0.5583303087009343,0.015761904761904866,1.610833617513199,0.3515127135349418,-0.047375657142857144,0.3930007360451746,0.08575979148097013,-0.23837565714285813,5.253456400741874,1.146398172216662
R:C:LEU:151,0.0,3.9017777121707926,0.8514377005197276,-0.11190476190476184,1.516417068495202,0.3309093334048714,0.035285714285714184,2.4235626415570573,0.5288647264953497,-0.027999999999999983,1.1289879078825975,0.24636535936008735,-0.01600457142857143,0.3918217400620349,0.08550251346493268,-0.12062361904761916,4.982487721058399,1.0872679586161016
R:C:LYS:152,0.0,2.6415992596391447,0.5764442172874137,-0.32376190476190475,1.5321471010412235,0.33434190792040763,-0.0842380952380956,25.652450869811993,5.597823708192821,0.19614285714285645,23.246109571271198,5.07271698683751,-0.04315542857142856,0.485624134810035,0.10597187414592499,-0.2550125714285727,34.75616776941511,7.584417603329962
R:C:ASN:153,0.0,4.200515119042679,0.9166275471818819,-0.2950952380952381,1.3654174346971906,0.2979585118910618,-0.19942857142857137,4.757250498806009,1.0381171671735696,0.38438095238095227,2.844474651908762,0.6207152573692889,-0.04129988571428571,0.3506129637714929,0.07651002124360362,-0.15144274285714232,7.096061572477182,1.5484875853306692
R:C:VAL:154,0.0,3.132370849424122,0.6835393581980553,-0.12095238095238091,1.7561719565700518,0.3832281392543315,0.028095238095238343,1.6785722728805712,0.36629449999663277,-0.045666666666666654,1.0031050817280618,0.21889547461970035,-0.009280457142857143,0.4636908372524899,0.10118563622699925,-0.1478042666666662,4.115181764173863,0.8980062825156495
R:C:LEU:159,0.0,3.245962374544944,0.7083270611586098,-0.06799999999999987,0.9043787033108792,0.19735161261086256,0.07414285714285708,1.2913589266935126,0.28179762052047386,-0.08338095238095238,1.0209013846538795,0.2227789462981729,0.0,0.04656898197058129,0.010162184996058216,-0.07723809523809566,3.7504918025220007,0.8184244084937352
R:C:VAL:160,0.0,2.557598460787251,0.5581137401838154,-0.217047619047619,0.579132234575763,0.12637701439677884,0.20204761904761923,2.2520002829432366,0.491426750554731,-0.1608095238095238,1.7947502709701402,0.39164661763157965,-0.0021483428571428573,0.017626635410430573,0.0038464471912231955,-0.1779578666666669,3.894823300169821,0.8499201234050436
R:C:GLY:161,0.0,0.2960754791305819,0.06460896640648618,-0.00842857142857143,0.07658330279880658,0.016711846764059745,0.11980952380952385,1.3061061948747694,0.28501573826973214,-0.10338095238095235,1.206202455150789,0.2632149549604794,0.0,0.06576052515565667,0.014350123060278303,0.008000000000000007,1.8051836176358254,0.3939233605290662
R:C:LEU:162,0.0,4.7645525029416955,1.0397105951105536,-1.3824761904761904,1.029797783024853,0.22472029958138567,-0.165190476190476,1.8868637814387175,0.4117474335482636,0.08590476190476191,1.1678234498319187,0.25483996939043957,-0.18924411428571428,0.09413558299420458,0.020542068317130485,-1.6510060190476186,5.356712804965288,1.1689305668996501
R:C:PHE:174,0.0,3.9102921616057857,0.8532957057119528,-0.7640476190476191,1.6111101818747808,0.3515730648264407,-0.02385714285714285,1.1999027776186542,0.26184025262024985,0.3543809523809523,0.780750095752886,0.17037363869674382,-0.06071931428571429,0.23051175560308487,0.05030178898229988,-0.4942431238095238,4.470853818286005,0.975620287779903
R:C:LEU:176,0.0,3.2560921153962425,0.7105375518358176,-0.7818095238095237,1.08530796072567,0.23683361344588297,-0.051428571428571344,1.7625901150954522,0.38462869626694457,0.07680952380952374,1.2836961656891355,0.28012546898071605,-0.05473474285714285,0.11064465312168482,0.02414464277010727,-0.8111633142857148,4.06778456072365,0.887663364775658
R:C:ASP:177,0.0,4.612050437013897,1.0064319160271593,-0.016761904761904714,0.9278244712407118,0.2024678986234733,-0.3068571428571438,22.930961274948707,5.003945990502549,0.297380952380952,19.457872984110047,4.246055991072408,0.0,0.22334333467236,0.048737511290473566,-0.026238095238097697,30.440426340429152,6.64264561389258
R:C:LEU:213,0.0,3.052162370897393,0.6660364332349136,-0.043190476190476064,0.895937358617718,0.19550956018116614,0.0048095238095241044,0.8372455432985251,0.18270195606809136,-0.0094285714285714,0.6916467253907619,0.15092968920340485,0.0,0.013864356264249733,0.0030254505734647417,-0.04780952380952201,3.361241794602185,0.7334830929911297
R:C:ILE:218,0.0,3.5906772799568305,0.7835500205504914,-0.12185714285714291,1.3642524885840268,0.2977042998080086,-0.01347619047619045,1.2260437193730322,0.2675446737786722,0.012238095238095234,1.0420001784462833,0.22738308056607553,-0.03734022857142857,0.16642699629392696,0.03631734800957406,-0.16043546666666672,4.167828415397815,0.9094947236737305
R:C:ASN:227,0.0,3.000487258993647,0.6547599993375693,-0.028476190476190426,0.8889410832181774,0.19398284772396843,0.01199999999999997,3.5870375620636215,0.782755768990781,0.03609523809523808,2.788474980442408,0.6084951272079924,0.0,0.047581321325040296,0.010383095554191127,0.019619047619045205,5.517049502330387,1.2039189027260688
R:C:LEU:238,0.0,2.757632559521543,0.6017647591848708,-0.018285714285714343,0.6656532433353058,0.1452574463893761,-0.0018571428571426737,0.7720852848454178,0.1684828219412223,-0.001523809523809512,0.9243908553824725,0.2017186222150075,0.0,0.0015315521826445436,0.0003342120860830216,-0.021666666666666584,3.081922786173885,0.6725306882690967
R:C:THR:239,0.0,2.4179074834739764,0.5276306698295088,-0.30976190476190485,1.227219030472081,0.2678011476870776,-0.37276190476190474,3.074760534524795,0.670967756824893,-0.020476190476190443,1.18474998845638,0.2585336429380676,-0.0038876571428571433,0.06975766869948377,0.015222371291382672,-0.7068876571428575,4.267902782345595,0.9313327408957776
R:C:ASP:240,0.0,4.210296229499304,0.9187619604698917,-0.09019047619047622,2.2315567875689664,0.48696561412510847,-5.051857142857143,35.00972061605908,7.63974737058794,3.5601904761904772,31.66724070313937,6.910358455834418,-0.033927085714285724,0.14187364488317608,0.030959367466497082,-1.6157842285714241,47.44703615119149,10.353792126863867
R:C:PHE:241,0.0,2.848966171244924,0.6216953872427803,-1.2475238095238095,1.0909133247358234,0.23805680415418343,-0.04623809523809523,0.8782853915584292,0.1916575851709729,0.393,0.5990962430111064,0.13073351819819304,-0.11173200000000001,0.13865765101086128,0.030257580068668664,-1.0124939047619046,3.2336090686078522,0.7056313487995779
R:C:GLY:242,0.0,0.25351753060093396,0.05532206066557445,-0.019857142857142854,0.25603305483876104,0.05587099305759058,-0.027238095238095242,1.3756884749264098,0.30019983662041105,0.03090476190476195,1.331060654936574,0.29046124789639743,-0.010429714285714283,0.038982201628864795,0.008506613796204942,-0.026620190476190474,1.9482260964019114,0.4251377884595282
R:C:LEU:243,0.0,3.5663174525461976,0.7782342704064301,-0.42533333333333334,1.5662099725147123,0.34177503586873215,-0.06466666666666669,2.0232413252791823,0.44150745344069636,0.07490476190476195,1.167081593853668,0.2546780831440068,-0.07258662857142859,0.3875975120744061,0.08458071134559648,-0.48768186666666613,4.558228887269252,0.9946870909926513
R:C:CYS:244,0.0,3.5981059466930816,0.7851710885329424,-0.1633809523809524,0.6671101892005153,0.14557537804227016,-0.03199999999999989,3.423033950172899,0.746967246812905,0.06142857142857143,1.317690109430057,0.287543555664661,-0.02392971428571429,0.1696297069530751,0.0370162367726497,-0.15788209523809493,5.183979677252828,1.1312371081963728
R:C:LYS:245,0.0,3.875758342590354,0.8457598085846136,-0.00909523809523814,0.8228033106288886,0.17955040252462595,-0.2240952380952384,23.53062254675047,5.134802808091362,0.27233333333333154,23.344288767565658,5.094141443917953,-0.00600822857142857,0.26327165787896345,0.05745058574127939,0.03313462857142993,33.38283743909611,7.284732356050652
L:E:UNL:377,0.0,6.79407065220924,1.4825877638393732,-14.36028571428571,3.263966802524477,0.7122559494472094,-14.36561904761905,5.176435464040741,1.1295908259057406,15.479523809523808,3.1680745935639663,0.6913305539177778,-2.876034514285714,0.4897196082610438,0.10686557972192165,-16.12241546666667,9.689421105188496,2.114405031182331

Backbone Energy Decomposition:
Residue,Internal,,,van der Waals,,,Electrostatic,,,Polar Solvation,,,Non-Polar Solv.,,,TOTAL,,
,Avg.,Std. Dev.,Std. Err. of Mean,Avg.,Std. Dev.,Std. Err. of Mean,Avg.,Std. Dev.,Std. Err. of Mean,Avg.,Std. Dev.,Std. Err. of Mean,Avg.,Std. Dev.,Std. Err. of Mean,Avg.,Std. Dev.,Std. Err. of Mean
R:A:GLN:82,0.0,3.3927285830280094,0.7403540735317201,-0.12880952380952382,0.7163814999807988,0.15632725952990553,-0.5957619047619043,20.561785610387254,4.4869494753834935,1.3284285714285717,19.34886366811151,4.2222682081191385,-0.0041489142857142865,0.16930970830921607,0.0369464073437084,0.5997082285714276,28.446757780169456,6.207591466842881
R:A:ILE:83,0.0,3.776260758368354,0.8240476556721109,-0.14985714285714294,0.8547660273146374,0.1865252391260008,-0.0007619047619050164,5.5439802241371305,1.209795668021269,0.1541904761904762,3.060048864340927,0.6677574071955216,-0.01166982857142857,0.04862576453634934,0.010611011748234292,-0.008098400000000193,7.422449091735052,1.619711181182481
R:A:PRO:87,0.0,2.6623570141414743,0.5809739306809487,-0.03780952380952378,0.666502534217173,0.14544277685381382,-0.02171428571428586,6.759363183653181,1.475013973275638,0.023238095238095342,5.447428138512985,1.1887262755984829,0.0,0.11243050487018591,0.024534347570939436,-0.03628571428571417,9.10540911162594,1.9869631660745943
R:A:SER:88,0.0,3.8778183922140053,0.8462093482672682,-0.05852380952380957,1.2922574334769434,0.2819936907751169,0.03580952380952494,3.6118524515156034,0.788170821813432,-0.011904761904761927,2.327236208871391,0.5078445755807243,-0.0005009142857142866,0.10749706513080023,0.02345778275940429,-0.035119961904760716,5.9313124078725386,1.2943184799765093
R:B:LYS:127,0.0,2.0293500003785176,0.4428404756330105,-0.04138095238095228,1.3178517219314667,0.2875788224037544,0.06557142857142767,2.4704862741652707,0.5391043026053228,-0.027761904761904755,1.5031467658038205,0.32801351594876504,0.0,0.05896404151872596,0.012867008740003839,-0.0035714285714301157,3.7711038136879407,0.8229223180838874
R:B:LEU:129,0.0,3.8285879364723465,0.8354663820799672,-0.004904761904761872,1.0945349046953103,0.23884709769226362,0.02576190476190461,4.593366258286664,1.0023546939645103,-0.016047619047618977,1.7647961449149236,0.38511009143994734,0.0,0.06283990781686948,0.013712792106421503,0.004809523809523978,6.330368086832344,1.3813995683258096
R:C:LEU:150,0.0,3.624429613425504,0.7909153835505669,-0.040190476190476165,1.2461846297877672,0.2719397807568078,-0.05085714285714411,4.822152665203645,1.0522799809966072,0.07190476190476187,3.131055335623954,0.6832522895520062,-0.0003860571428571426,0.09376746323378697,0.02046173799965798,-0.019528914285716552,6.910493638852884,1.5079933423597223
R:C:LEU:151,0.0,4.580337243126425,0.9995115297643902,0.05638095238095241,0.8903725760955571,0.19429522507955807,-0.8718095238095248,3.794343836210984,0.8279937067679028,0.5264285714285715,2.961694199375122,0.6462946597118157,-0.010612800000000002,0.07624490545839233,0.016638002410373075,-0.29961280000000057,6.704233255835219,1.4629836367383398
R:C:LYS:152,0.0,4.092772628840163,0.8931162082811167,-0.2247142857142857,0.9536954951690131,0.2081134188833521,-0.018142857142857155,3.7909541197859404,0.8272540100011315,0.18899999999999997,3.0343250438368212,0.6621440093563062,-0.02179028571428571,0.07724545797636762,0.016856340869915953,-0.0756474285714269,6.422207670236473,1.401440608456411
R:C:ASN:153,0.0,3.872960639861167,0.845149299797543,-0.20047619047619053,1.0005615452812944,0.21834042946254842,-0.03461904761905051,3.9053721387276408,0.8522220686995712,0.006333333333333223,2.3087837587016335,0.503817920834995,-0.006166628571428571,0.08916884627479922,0.019458237508864214,-0.23492853333333744,6.049075350278755,1.3200164608163765
R:C:VAL:154,0.0,4.760152978734231,1.0387505402199586,-0.11195238095238097,1.0663308782690828,0.23269247454937206,-0.13571428571428545,5.218990436773987,1.13887708227464,0.21438095238095234,3.0535640519728964,0.6663423051219937,-0.004124228571428571,0.08138847437143289,0.017760421166860222,-0.037409942857142026,7.76948238979293,1.6954400553263096
R:C:LEU:159,0.0,2.665629092362604,0.5816879566870506,-0.03938095238095238,0.7338628978456855,0.1601420132903571,0.07390476190476088,2.554318924005552,0.5573980865863617,-0.10795238095238097,1.6105009093876108,0.3514401106697116,0.0,0.03835608765322711,0.008369984525394015,-0.07342857142857163,4.094369639519081,0.8934647045821544
R:C:VAL:160,0.0,2.335548431566016,0.5096584512803171,0.40847619047619044,1.5285981276410303,0.33356745843251384,-4.034857142857141,3.454228074669756,0.7537743628483681,1.7820952380952382,2.4910411650889674,0.5435897475367228,-0.015738514285714284,0.019046922900573943,0.0041563793308508545,-1.860024228571428,5.092027020283243,1.1111713933908762
R:C:GLY:161,0.0,1.6384701536629969,0.35754350014698144,-0.44952380952380966,0.995071647051829,0.2171424354533042,-0.14561904761904795,3.24125861027546,0.7073006156435556,0.21719047619047624,2.1533264579406253,0.46989435664114565,-0.005208,0.049781450681431076,0.010863203140588995,-0.3831603809523828,4.338179622052867,0.9466684045891516
R:C:LEU:162,0.0,3.54666440591202,0.7739456240332103,-0.5303809523809524,1.0405249765178006,0.22706116511356997,-0.26528571428571485,3.7965284482673636,0.82847042820183,0.20476190476190478,1.9573428098530536,0.42712721843472257,-0.01677017142857143,0.07976609062893628,0.017406388009419436,-0.6076749333333343,5.649132889030112,1.2327418607069074
R:C:PHE:174,0.0,3.3822298619405333,0.7380630647658349,-0.0783333333333334,0.9161324825720256,0.1999164975235295,-0.06214285714285611,4.308401671322121,0.9401703230051368,-0.04357142857142856,1.9856641982948735,0.4333074520690505,0.0,0.04835140612555509,0.01055114183466227,-0.1840476190476178,5.89799141173853,1.2870472424995842
R:C:LEU:176,0.0,2.520052580166281,0.5499205573276549,-0.06323809523809516,1.1968785668792283,0.26118031573306333,0.09185714285714093,2.295173578425398,0.5008479360093834,-0.06876190476190472,1.737954264341646,0.3792527128912802,0.0,0.051868497341863065,0.011318634059652537,-0.04014285714285849,4.009261831275112,0.8748926582245463
R:C:ASP:177,0.0,5.32427326713508,1.1618516793941116,-0.027714285714285643,0.9523654046349953,0.2078231693331959,0.034523809523808575,6.704871539282213,1.4631229216055153,0.0064285714285714545,3.424117481348602,0.747203692700072,0.0,0.02359723594024503,0.005149339042281205,0.013238095238095398,9.270130818978371,2.0229083895291127
R:C:LEU:213,0.0,2.548100549068516,0.5560411259269054,-0.007857142857142901,0.6431139487061436,0.14033896906799287,0.011142857142855535,2.2937766054361663,0.5005430915109566,-0.011333333333333346,1.0562355866531252,0.23048950131162071,0.0,0.00028839972260735617,6.29339790120227e-05,-0.008047619047621656,3.644647688394149,0.7953273292148578
R:C:ILE:218,0.0,2.6845714708048662,0.585821522546773,-0.014095238095238065,0.7631210826913856,0.16652667265952045,-0.005380952380953036,1.7149597100970737,0.37423488977711256,0.017238095238095223,1.017075929668979,0.2219441635821752,0.0,0.02244754824046856,0.004898456618005712,-0.002238095238095531,3.4300600454070396,0.7485004664914965
R:C:ASN:227,0.0,2.396416156379734,0.5229408777726315,-0.02180952380952384,0.7843319239285266,0.17115525768441994,0.023666666666665986,2.6515163000333226,0.5786082929196162,-0.05123809523809524,0.6254526161562436,0.13648495034019745,0.0,0.004456430395804815,0.0009724728389560752,-0.04938095238095234,3.7121067449121403,0.8100481022055245
R:C:LEU:238,0.0,2.6183782018958355,0.5713769670576205,-0.08852380952380963,1.2742505191238997,0.27806425991533545,-0.2558095238095238,2.6267743710436724,0.573209161375126,0.22185714285714284,1.3303684825339661,0.2903102034950208,0.0,0.0,0.0,-0.12247619047619088,4.1411885599840055,0.9036814306291371
R:C:THR:239,0.0,2.7508156679432885,0.6002771914866966,-0.4089999999999999,1.1604161521878706,0.25322356452620537,-0.6805714285714307,2.5398796854037244,0.5542471864020568,0.0691428571428571,1.0825106494268077,0.23622319007591197,-0.0003185142857142857,0.0009008948367810617,0.00019659137060686201,-1.0207470857142875,4.066493750065437,0.8873816867971286
R:C:ASP:240,0.0,3.591771787214296,0.7837888616150634,-0.8022857142857143,0.9095725741103322,0.19848500813887754,-1.0143809523809517,5.333016197203716,1.16375954314817,0.8515238095238096,5.4567390804664875,1.190758089707686,-0.0902406857142857,0.09306990318885068,0.020309517918339057,-1.0553835428571425,8.482562820151072,1.8510469624076367
R:C:PHE:241,0.0,2.626865012021597,0.5732289408580977,-0.7636190476190475,1.3102769799444451,0.28592587818826454,0.24880952380952354,4.986461172964095,1.0881350369079168,0.621904761904762,3.492132160291662,0.7620457124441049,-0.04764788571428572,0.04672876736076318,0.010197053026794243,0.05944735238095139,6.758639743889031,1.4748561057765923
R:C:GLY:242,0.0,2.6150981008553984,0.5706611903288155,-0.34747619047619055,0.9223468317311743,0.20127257968622872,-0.01633333333333215,3.7523129350857434,0.8188218121996352,0.3687619047619048,2.7782550813509106,0.6062649623898211,-0.012223542857142857,0.0895717462921501,0.01954615750062657,-0.007271161904761271,5.431025548890358,1.1851469370966266
R:C:LEU:243,0.0,3.4810626899335153,0.7596301559765203,-0.2736190476190477,0.6557460655576448,0.14309552295654202,-0.16504761904761742,5.286604918958954,1.1536317719264424,0.15714285714285717,3.4516381039887465,0.7532091849105852,-0.01104,0.06639178637588557,0.014487875551944451,-0.2925638095238077,7.239765562026695,1.579846366748659
R:C:CYS:244,0.0,4.5932403019715125,1.002327208043156,-0.21647619047619043,0.847162132064775,0.18486593314700037,-0.22571428571428614,5.708606281174887,1.2457200188659183,0.21071428571428583,3.8372871416809233,0.8373647042873127,-0.011421257142857142,0.11676631886989551,0.025480499754411745,-0.2428974476190469,8.315174851081693,1.8145199129464293
R:C:LYS:245,0.0,3.5609700785357288,0.7770673777315629,-0.032190476190476124,1.0095728761660792,0.2203068630764446,0.09495238095238703,25.855107670849133,5.642047047757121,-0.06180952380952366,24.848415877548064,5.422368888505074,0.0,0.17969083596075314,0.039211755118097345,0.0009523809523848232,36.05083075858072,7.866936229392307
L:E:UNL:377,0.0,0.0,0.0,0.0,0.0,0.0,0.0,0.0,0.0,0.0,0.0,0.0,0.0,0.0,0.0,0.0,0.0,0.0

idecomp = 1: Per-residue decomp adding 1-4 interactions to Internal.
Energy Decomposition Analysis (All units kcal/mol): Poisson Boltzmann model

DELTAS:
Total Energy Decomposition:
Residue,Internal,,,van der Waals,,,Electrostatic,,,Polar Solvation,,,Non-Polar Solv.,,,TOTAL,,
,Avg.,Std. Dev.,Std. Err. of Mean,Avg.,Std. Dev.,Std. Err. of Mean,Avg.,Std. Dev.,Std. Err. of Mean,Avg.,Std. Dev.,Std. Err. of Mean,Avg.,Std. Dev.,Std. Err. of Mean,Avg.,Std. Dev.,Std. Err. of Mean
R:A:GLN:82,0.0,5.287887505192759,1.1539116551884292,-1.0815238095238098,2.4690672157921854,0.5387946386810264,-1.005095238095238,24.586545684272266,5.365224127412738,1.8410476190476186,20.992332852486147,4.580902586201239,0.0,0.0,0.0,-0.24557142857142772,32.85170185025503,7.168829068424501
R:A:ILE:83,0.0,5.924925998753314,1.2929248512523281,-0.3115238095238094,1.2552401437948455,0.2739158559184349,-0.0163809523809521,5.900580965669931,1.2876123294951471,0.17833333333333326,2.760843698480166,0.6024654871536762,0.0,0.0,0.0,-0.14957142857142833,8.89491369093377,1.9410292994668112
R:A:PRO:87,0.0,4.127515806167039,0.9006977911374825,-0.11942857142857137,1.2355537192681179,0.2696199258919223,0.03771428571428613,5.7267473179403865,1.249678717635579,0.023333333333333196,4.716740696036914,1.0292772034794218,0.0,0.0,0.0,-0.058380952380950986,8.579408916734545,1.8721805132816733
R:A:SER:88,0.0,6.018135902167834,1.3132649197245454,-0.23242857142857148,1.937864276632532,0.42287665401044866,-0.06366666666666683,6.517183354779777,1.4221660019611702,0.41952380952380935,4.300446439936956,0.9384343491959269,0.0,0.0,0.0,0.12342857142857175,10.046929687929294,2.1924197998492883
R:B:LYS:127,0.0,4.002570403153398,0.8734324688971601,-0.33785714285714274,2.220630657495029,0.48458133707192985,0.5770952380952379,28.284043910355223,6.172084389459885,-0.2219523809523815,26.82423324866313,5.8535275867214285,0.0,0.0,0.0,0.017285714285714432,39.24892864335017,8.564818402574884
R:B:LEU:129,0.0,6.795928264747344,1.4829931281283142,-0.038190476190476295,1.7102709443090722,0.37321171719904417,0.007190476190474996,5.21733227546055,1.1385152418111508,-0.0039047619047618714,2.0330250954055513,0.4436424471162266,0.0,0.0,0.0,-0.03490476190476451,8.970140176923145,1.9574450645292802
R:C:LEU:150,0.0,5.862326932304654,1.279264615041159,-0.2496666666666666,2.3797608647178463,0.5193063951649093,-0.0481428571428566,5.092965128978272,1.1113761054911173,0.034380952380952415,2.488828889785392,0.5431069894873555,0.0,0.0,0.0,-0.2634285714285711,8.494863264472606,1.853731139416447
R:C:LEU:151,0.0,6.660418247985274,1.4534224181646513,-0.05538095238095235,2.0284507922993957,0.44264425234310134,-0.8364285714285713,4.9905422696461255,1.0890256052157186,0.5247142857142856,3.019002995013458,0.658800464187979,0.0,0.0,0.0,-0.3670952380952374,9.082712980376524,1.9820104641968277
R:C:LYS:152,0.0,5.008291698922557,1.0928988482253144,-0.5482857142857144,2.208319321737092,0.4818947833568459,-0.1026190476190475,26.458181656643823,5.773648580593449,0.6490476190476192,22.223562616094522,4.849578947611619,0.0,0.0,0.0,-0.0018571428571408973,34.98402166555028,7.634139399826631
R:C:ASN:153,0.0,6.84240712706552,1.4931356474039557,-0.49580952380952376,2.04528828143981,0.44631849370019394,-0.23409523809523863,8.10778591226316,1.7692639362591678,0.8029523809523808,4.829151911195784,1.0538073416902545,0.0,0.0,0.0,0.07304761904761799,11.834637300196864,2.5825295833571404
R:C:VAL:154,0.0,5.481351907162933,1.1961290488221286,-0.23276190476190464,2.649565155782969,0.578182518337758,-0.10747619047619038,5.357387595256198,1.1690778182132844,0.3003333333333333,2.666407186355211,0.5818577507165227,0.0,0.0,0.0,-0.039904761904761096,8.536787649587499,1.8628797902856602
R:C:LEU:159,0.0,4.026552250931117,0.8786657371231746,-0.10733333333333331,1.2474379821355355,0.2722132846618601,0.1480952380952374,2.9976029614909354,0.6541305940217147,-0.1317619047619047,1.3276607102159976,0.2897193191325543,0.0,0.0,0.0,-0.09099999999999935,5.340180804518074,1.1653229886406786
R:C:VAL:160,0.0,4.2215658828687435,0.9212212004518617,0.19133333333333336,1.6500852929236423,0.36007813133123673,-3.832904761904761,2.9895804535054515,0.6523799392547209,1.8981428571428574,1.3463633591213704,0.2938005717185092,0.0,0.0,0.0,-1.7434285714285718,5.594165313975866,1.2207469524471815
R:C:GLY:161,0.0,1.6950741467003105,0.36989550408651684,-0.457809523809524,1.0196749070658615,0.2225113069464939,-0.025904761904762437,3.1971397896349676,0.6976730996836872,0.26933333333333326,2.311910639980758,0.504500262270744,0.0,0.0,0.0,-0.21438095238095278,4.413575299078392,0.9631210901625759
R:C:LEU:162,0.0,6.4244013331824075,1.4019193049563619,-1.9129999999999998,1.665343459771067,0.36340773630955053,-0.4304285714285715,3.9016916512580275,0.8514189204889121,0.556047619047619,1.8922967700019035,0.41293300885019835,0.0,0.0,0.0,-1.7873809523809525,7.927817236544646,1.7299915515353081
R:C:PHE:174,0.0,5.521035438066853,1.2047887052130968,-0.8425238095238095,2.0712648725683542,0.4519870506117879,-0.08609523809523775,4.9051425164388425,1.0703898512441508,0.5031428571428571,2.446962262260121,0.5339709423574946,0.0,0.0,0.0,-0.42547619047619145,8.051087994813296,1.756891436332484
R:C:LEU:176,0.0,5.06558914517898,1.1054021760633013,-0.8449999999999999,1.8654827100502964,0.4070817012588972,0.04057142857142808,2.5247549073927202,0.5509466892542078,-0.023380952380952374,0.8878304316047332,0.19374048367209543,0.0,0.0,0.0,-0.8278095238095255,6.025184590279269,1.3148030695731543
R:C:ASP:177,0.0,9.279275695989254,2.024903965296895,-0.04414285714285725,1.3504090284864385,0.29468340915194674,-0.272333333333329,27.878126853288986,6.083506025656088,0.33490476190476187,23.019678345576136,5.023305642482784,0.0,0.0,0.0,0.018428571428575173,37.35002155244698,8.150442903443826
R:C:LEU:213,0.0,4.09704883113645,0.8940493521244348,-0.051047619047618925,0.9536051084950448,0.2080936948940533,0.015952380952382685,2.0005685835772704,0.4365598555806396,-0.03157142857142857,0.38358143996866606,0.08370433256364627,0.0,0.0,0.0,-0.06666666666666406,4.673818696349828,1.0199108552629959
R:C:ILE:218,0.0,3.7037363753812156,0.8082215378259904,-0.13585714285714268,1.786844057850273,0.3899213404848061,-0.01876190476190502,2.4708241833697344,0.5391780404390122,0.011476190476190523,1.488795309612071,0.3248817714567872,0.0,0.0,0.0,-0.1431428571428558,5.023142287895539,1.0961395124197606
R:C:ASN:227,0.0,4.411697472066055,0.9627113147137155,-0.050142857142857225,1.265289453587812,0.276108795099784,0.035952380952381416,4.562551096971042,0.9956302744749335,-0.0288095238095238,3.385552002004495,0.7387880151616611,0.0,0.0,0.0,-0.043000000000000274,7.303620119991377,1.593780573669664
R:C:LEU:238,0.0,3.5663196309010994,0.778234745762441,-0.10652380952380962,1.454170435447234,0.3173260044668498,-0.25738095238095177,2.55721904471056,0.5580309448080383,0.20442857142857143,0.6038877296506989,0.13177910630377887,0.0,0.0,0.0,-0.15947619047619083,4.662327422836411,1.0174032538007731
R:C:THR:239,0.0,4.3059499140296005,0.9396353057013922,-0.7187619047619047,1.3194027337004213,0.2879172809197068,-1.0535714285714295,4.559162979132768,0.9948909265483945,0.7763809523809523,1.7614336204049732,0.3843763284355191,0.0,0.0,0.0,-0.9959523809523816,6.646099886791909,1.4502978955933983
R:C:ASP:240,0.0,7.214534590709522,1.5743405174192207,-0.8925714285714286,2.3457944353416433,0.5118943126075844,-6.066428571428572,39.32046684065302,8.580429317061599,5.196857142857143,37.93477776573964,8.278047170610938,0.0,0.0,0.0,-1.7621428571428577,55.16066295464886,12.037043493982138
R:C:PHE:241,0.0,3.715201243698536,0.8107233772020296,-2.011285714285714,1.6814766253871496,0.3669282816731199,0.20257142857142746,4.870090161993002,1.0627408004091754,2.3242380952380954,3.4922978680365984,0.7620818728386006,0.0,0.0,0.0,0.5155238095238074,7.248724474549748,1.5818013617382485
R:C:GLY:242,0.0,2.6173833032265392,0.5711598623690082,-0.36709523809523814,0.9117386371124283,0.1989576818373132,-0.043476190476190654,3.8634475850761056,0.8430733810526475,0.8137142857142856,3.1557469139704497,0.6886404336853753,0.0,0.0,0.0,0.4031428571428575,5.706744126564385,1.2453136634155213
R:C:LEU:243,0.0,5.964731319158521,1.3016110842913202,-0.6989047619047621,1.9892626751964422,0.4340927041065738,-0.22980952380952316,6.4528183879133225,1.4081204146864628,0.3813333333333335,3.450525038099094,0.7529662940204516,0.0,0.0,0.0,-0.5473809523809507,9.647806687875814,2.1053240208329576
R:C:CYS:244,0.0,6.487331903021046,1.4156518811378982,-0.3798571428571428,1.2621218267936476,0.2754175622637064,-0.25761904761904814,6.983064708031375,1.5238296479680227,0.2913809523809523,4.4510412147824026,0.9712968232432645,0.0,0.0,0.0,-0.34609523809523857,10.594969907360214,2.3120119802979735
R:C:LYS:245,0.0,5.942165848834636,1.296686894965059,-0.04138095238095228,1.5617801866696617,0.3408083773474279,-0.12895238095238223,27.989020337873974,6.107704967903142,0.2614761904761905,26.299957513566817,5.739121241906787,0.0,0.0,0.0,0.09114285714285586,38.89500632492394,8.487586220940482
L:E:UNL:377,0.0,6.79407065220924,1.4825877638393732,-14.36028571428571,3.263966802524477,0.7122559494472094,-14.36561904761905,5.176435464040741,1.1295908259057406,16.819142857142857,3.5078687504050134,0.7654797179381491,0.0,0.0,0.0,-11.906761904761904,9.793543924373825,2.1371264931103777

Sidechain Energy Decomposition:
Residue,Internal,,,van der Waals,,,Electrostatic,,,Polar Solvation,,,Non-Polar Solv.,,,TOTAL,,
,Avg.,Std. Dev.,Std. Err. of Mean,Avg.,Std. Dev.,Std. Err. of Mean,Avg.,Std. Dev.,Std. Err. of Mean,Avg.,Std. Dev.,Std. Err. of Mean,Avg.,Std. Dev.,Std. Err. of Mean,Avg.,Std. Dev.,Std. Err. of Mean
R:A:GLN:82,0.0,3.1329037583659773,0.6836556484630348,-0.9527142857142854,2.0097880045241716,0.4385716981688699,-0.4096190476190477,7.710412874998838,1.6825500304306789,0.8562857142857142,5.370912285218425,1.1720291475229372,0.0,0.0,0.0,-0.5060476190476222,10.107002486433402,2.205528759199426
R:A:ILE:83,0.0,2.8848448540951983,0.6295247577188134,-0.16161904761904758,0.7940005883123531,0.17326513322765846,-0.015761904761904783,2.195771887379446,0.4791567087034458,0.025714285714285738,1.3810354572712327,0.30136664382682743,0.0,0.0,0.0,-0.1516666666666667,3.959979783040081,0.8641384336321893
R:A:PRO:87,0.0,2.415845206856611,0.5271806441769843,-0.08157142857142856,0.7641588234673425,0.16675312626226163,0.05952380952380957,2.6005622006860722,0.5674891968611842,0.006761904761904736,2.5143803400303355,0.548682773052277,0.0,0.0,0.0,-0.015285714285714527,4.41647812458562,0.9637545386204863
R:A:SER:88,0.0,2.6322514043651517,0.5744043480312915,-0.17385714285714293,0.93931270285326,0.20497483628850602,-0.09928571428571432,3.963892493582574,0.8649922570718763,0.40495238095238084,3.1236701623965857,0.6816407126313027,0.0,0.0,0.0,0.1318095238095236,5.768952660028577,1.2588886783427524
R:B:LYS:127,0.0,3.7623303544671782,0.8210077923226611,-0.2963809523809523,1.417258370228188,0.3092711314704962,0.5114761904761911,26.99184682476058,5.890103867672324,-0.17166666666666636,25.612808590629548,5.589173053665482,0.0,0.0,0.0,0.043428571428571046,37.42645467975415,8.167121979228934
R:B:LEU:129,0.0,4.101154409683144,0.8949452628130924,-0.03333333333333328,1.0919690239225421,0.23828717660343304,-0.018714285714285916,1.2186780559613082,0.26593735424877735,0.01790476190476192,0.7293249822302916,0.15915175891869687,0.0,0.0,0.0,-0.034142857142858016,4.475372048786189,0.976606246507253
R:C:LEU:150,0.0,3.979674787018512,0.868436235848552,-0.20957142857142858,1.5701499343459309,0.342634806027151,0.0028095238095234365,2.5585909024100926,0.5583303087009343,0.0031428571428570823,1.5298237000674235,0.3338349002617328,0.0,0.0,0.0,-0.20361904761904898,5.2143964354411185,1.13787458899604
R:C:LEU:151,0.0,3.9017777121707926,0.8514377005197276,-0.11190476190476184,1.516417068495202,0.3309093334048714,0.035285714285714184,2.4235626415570573,0.5288647264953497,-0.0210476190476191,1.067958038446308,0.2330475500103222,0.0,0.0,0.0,-0.0976666666666665,4.953542196272222,1.0809515272654884
R:C:LYS:152,0.0,2.6415992596391447,0.5764442172874137,-0.32376190476190475,1.5321471010412235,0.33434190792040763,-0.0842380952380956,25.652450869811993,5.597823708192821,0.4719047619047614,22.543217939454866,4.919333457878016,0.0,0.0,0.0,0.06390476190476083,34.2865925994642,7.481947900436068
R:C:ASN:153,0.0,4.200515119042679,0.9166275471818819,-0.2950952380952381,1.3654174346971906,0.2979585118910618,-0.19942857142857137,4.757250498806009,1.0381171671735696,0.6695238095238095,2.9301135459722802,0.6394031961539735,0.0,0.0,0.0,0.1750000000000019,7.122196974035573,1.5541907975192117
R:C:VAL:154,0.0,3.132370849424122,0.6835393581980553,-0.12095238095238091,1.7561719565700518,0.3832281392543315,0.028095238095238343,1.6785722728805712,0.36629449999663277,-0.01519047619047625,1.0619218597812077,0.23173034783693647,0.0,0.0,0.0,-0.1080476190476185,4.10379945793282,0.8955224596617092
R:C:LEU:159,0.0,3.245962374544944,0.7083270611586098,-0.06799999999999987,0.9043787033108792,0.19735161261086256,0.07414285714285708,1.2913589266935126,0.28179762052047386,-0.08461904761904762,1.0132811613852004,0.22111607725335455,0.0,0.0,0.0,-0.0784761904761908,3.748135425185819,0.8179102048028337
R:C:VAL:160,0.0,2.557598460787251,0.5581137401838154,-0.217047619047619,0.579132234575763,0.12637701439677884,0.20204761904761923,2.2520002829432366,0.491426750554731,-0.15533333333333335,1.8634666229571388,0.40664175498689636,0.0,0.0,0.0,-0.17033333333333336,3.9269220976481995,0.8569246552698878
R:C:GLY:161,0.0,0.2960754791305819,0.06460896640648618,-0.00842857142857143,0.07658330279880658,0.016711846764059745,0.11980952380952385,1.3061061948747694,0.28501573826973214,-0.0906190476190476,1.157550941171012,0.2525983242230256,0.0,0.0,0.0,0.02076190476190478,1.771824840469882,0.38664387855506144
R:C:LEU:162,0.0,4.7645525029416955,1.0397105951105536,-1.3824761904761904,1.029797783024853,0.22472029958138567,-0.165190476190476,1.8868637814387175,0.4117474335482636,0.20890476190476193,1.1737652961821379,0.25613658656509086,0.0,0.0,0.0,-1.3387619047619037,5.357184328305088,1.1690334617280584
R:C:PHE:174,0.0,3.9102921616057857,0.8532957057119528,-0.7640476190476191,1.6111101818747808,0.3515730648264407,-0.02385714285714285,1.1999027776186542,0.26184025262024985,0.4463809523809525,0.6662371371384923,0.14538486246322932,0.0,0.0,0.0,-0.3415238095238096,4.446313012586462,0.9702650449354572
R:C:LEU:176,0.0,3.2560921153962425,0.7105375518358176,-0.7818095238095237,1.08530796072567,0.23683361344588297,-0.051428571428571344,1.7625901150954522,0.38462869626694457,0.06700000000000002,1.33877165584175,0.29214392624553276,0.0,0.0,0.0,-0.7662380952380955,4.084000819524594,0.8912020425587207
R:C:ASP:177,0.0,4.612050437013897,1.0064319160271593,-0.016761904761904714,0.9278244712407118,0.2024678986234733,-0.3068571428571438,22.930961274948707,5.003945990502549,0.31061904761904763,21.356970343200903,4.660473010125959,0.0,0.0,0.0,-0.013000000000002185,31.687237726197484,6.914722164017159
R:C:LEU:213,0.0,3.052162370897393,0.6660364332349136,-0.043190476190476064,0.895937358617718,0.19550956018116614,0.0048095238095241044,0.8372455432985251,0.18270195606809136,-0.02009523809523809,0.7674217340640231,0.16746515172869794,0.0,0.0,0.0,-0.05847619047618903,3.377619739783619,0.7370570536350229
R:C:ILE:218,0.0,3.5906772799568305,0.7835500205504914,-0.12185714285714291,1.3642524885840268,0.2977042998080086,-0.01347619047619045,1.2260437193730322,0.2675446737786722,0.0008571428571428473,1.0997314081483838,0.23998106771239736,0.0,0.0,0.0,-0.13447619047619042,4.179322977862321,0.9120030428439208
R:C:ASN:227,0.0,3.000487258993647,0.6547599993375693,-0.028476190476190426,0.8889410832181774,0.19398284772396843,0.01199999999999997,3.5870375620636215,0.782755768990781,-0.02319047619047624,3.4266298874386085,0.7477519446564492,0.0,0.0,0.0,-0.0396666666666693,5.865302285301174,1.2799138902947669
R:C:LEU:238,0.0,2.757632559521543,0.6017647591848708,-0.018285714285714343,0.6656532433353058,0.1452574463893761,-0.0018571428571426737,0.7720852848454178,0.1684828219412223,-0.01128571428571428,0.9684532493337634,0.21133382486180535,0.0,0.0,0.0,-0.03142857142857135,3.0954238735456094,0.6754768670712462
R:C:THR:239,0.0,2.4179074834739764,0.5276306698295088,-0.30976190476190485,1.227219030472081,0.2678011476870776,-0.37276190476190474,3.074760534524795,0.670967756824893,0.20542857142857138,1.4419520247648172,0.31465972866569586,0.0,0.0,0.0,-0.4770952380952385,4.345770487932705,0.9483248673265141
R:C:ASP:240,0.0,4.210296229499304,0.9187619604698917,-0.09019047619047622,2.2315567875689664,0.48696561412510847,-5.051857142857143,35.00972061605908,7.63974737058794,4.2627619047619065,33.079585224993316,7.218557297679747,0.0,0.0,0.0,-0.8792857142857124,48.400887763639105,10.561939613330386
R:C:PHE:241,0.0,2.848966171244924,0.6216953872427803,-1.2475238095238095,1.0909133247358234,0.23805680415418343,-0.04623809523809523,0.8782853915584292,0.1916575851709729,0.7134285714285714,0.6974128542996635,0.1521879616887341,0.0,0.0,0.0,-0.5803333333333333,3.25030306976926,0.7092742785126175
R:C:GLY:242,0.0,0.25351753060093396,0.05532206066557445,-0.019857142857142854,0.25603305483876104,0.05587099305759058,-0.027238095238095242,1.3756884749264098,0.30019983662041105,-0.0013809523809523874,1.3855023565643443,0.30234140116646685,0.0,0.0,0.0,-0.04847619047619053,1.9854368848147164,0.43325784820098845
R:C:LEU:243,0.0,3.5663174525461976,0.7782342704064301,-0.42533333333333334,1.5662099725147123,0.34177503586873215,-0.06466666666666669,2.0232413252791823,0.44150745344069636,0.10109523809523815,1.221198743809576,0.26648741343296983,0.0,0.0,0.0,-0.38890476190476136,4.55592643515451,0.994184654749803
R:C:CYS:244,0.0,3.5981059466930816,0.7851710885329424,-0.1633809523809524,0.6671101892005153,0.14557537804227016,-0.03199999999999989,3.423033950172899,0.746967246812905,0.07852380952380952,1.2870594198067853,0.2808593911985971,0.0,0.0,0.0,-0.1168571428571425,5.1734984084575615,1.1289499078328735
R:C:LYS:245,0.0,3.875758342590354,0.8457598085846136,-0.00909523809523814,0.8228033106288886,0.17955040252462595,-0.2240952380952384,23.53062254675047,5.134802808091362,0.32280952380952466,22.646087924734037,4.941781529034245,0.0,0.0,0.0,0.08961904761905158,32.89732517622925,7.178784894364144
L:E:UNL:377,0.0,6.79407065220924,1.4825877638393732,-14.36028571428571,3.263966802524477,0.7122559494472094,-14.36561904761905,5.176435464040741,1.1295908259057406,16.819142857142857,3.5078687504050134,0.7654797179381491,0.0,0.0,0.0,-11.906761904761904,9.793543924373825,2.1371264931103777

Backbone Energy Decomposition:
Residue,Internal,,,van der Waals,,,Electrostatic,,,Polar Solvation,,,Non-Polar Solv.,,,TOTAL,,
,Avg.,Std. Dev.,Std. Err. of Mean,Avg.,Std. Dev.,Std. Err. of Mean,Avg.,Std. Dev.,Std. Err. of Mean,Avg.,Std. Dev.,Std. Err. of Mean,Avg.,Std. Dev.,Std. Err. of Mean,Avg.,Std. Dev.,Std. Err. of Mean
R:A:GLN:82,0.0,3.3927285830280094,0.7403540735317201,-0.12880952380952382,0.7163814999807988,0.15632725952990553,-0.5957619047619043,20.561785610387254,4.4869494753834935,0.9846666666666672,18.386616441896155,4.012288648528989,0.0,0.0,0.0,0.2600952380952369,27.80069246188922,6.066608456133123
R:A:ILE:83,0.0,3.776260758368354,0.8240476556721109,-0.14985714285714294,0.8547660273146374,0.1865252391260008,-0.0007619047619050164,5.5439802241371305,1.209795668021269,0.15257142857142855,3.2493841258427594,0.7090737485077313,0.0,0.0,0.0,0.0019523809523807269,7.502331917447167,1.6371430428754683
R:A:PRO:87,0.0,2.6623570141414743,0.5809739306809487,-0.03780952380952378,0.666502534217173,0.14544277685381382,-0.02171428571428586,6.759363183653181,1.475013973275638,0.016238095238095353,5.585694437101908,1.2188984555672975,0.0,0.0,0.0,-0.04328571428571411,9.188108809328691,2.005009719630443
R:A:SER:88,0.0,3.8778183922140053,0.8462093482672682,-0.05852380952380957,1.2922574334769434,0.2819936907751169,0.03580952380952494,3.6118524515156034,0.788170821813432,0.014761904761904778,2.4841224906901904,0.542079969006192,0.0,0.0,0.0,-0.007952380952379748,5.993642251389529,1.3079199669275265
R:B:LYS:127,0.0,2.0293500003785176,0.4428404756330105,-0.04138095238095228,1.3178517219314667,0.2875788224037544,0.06557142857142767,2.4704862741652707,0.5391043026053228,-0.05014285714285716,1.4785631316384034,0.3226489271668543,0.0,0.0,0.0,-0.025952380952382552,3.760910255525035,0.8206979013275801
R:B:LEU:129,0.0,3.8285879364723465,0.8354663820799672,-0.004904761904761872,1.0945349046953103,0.23884709769226362,0.02576190476190461,4.593366258286664,1.0023546939645103,-0.021809523809523817,1.6583868456138982,0.3618896786449873,0.0,0.0,0.0,-0.0009523809523808475,6.3012183549984675,1.3750385753440761
R:C:LEU:150,0.0,3.624429613425504,0.7909153835505669,-0.040190476190476165,1.2461846297877672,0.2719397807568078,-0.05085714285714411,4.822152665203645,1.0522799809966072,0.031047619047619032,2.720676824888897,0.5937003567412136,0.0,0.0,0.0,-0.06000000000000215,6.733847701441811,1.4694460385791188
R:C:LEU:151,0.0,4.580337243126425,0.9995115297643902,0.05638095238095241,0.8903725760955571,0.19429522507955807,-0.8718095238095248,3.794343836210984,0.8279937067679028,0.5456666666666667,3.2075291130927974,0.6999402359296341,0.0,0.0,0.0,-0.2697619047619049,6.815976873769759,1.4873680932913518
R:C:LYS:152,0.0,4.092772628840163,0.8931162082811167,-0.2247142857142857,0.9536954951690131,0.2081134188833521,-0.018142857142857155,3.7909541197859404,0.8272540100011315,0.17709523809523806,3.1745127674428395,0.692735478638598,0.0,0.0,0.0,-0.06576190476190327,6.489159216560222,1.4160506336432168
R:C:ASN:153,0.0,3.872960639861167,0.845149299797543,-0.20047619047619053,1.0005615452812944,0.21834042946254842,-0.03461904761905051,3.9053721387276408,0.8522220686995712,0.13342857142857145,2.4836906595864563,0.5419857357337968,0.0,0.0,0.0,-0.1016666666666706,6.117319540311478,1.3349085639861815
R:C:VAL:154,0.0,4.760152978734231,1.0387505402199586,-0.11195238095238097,1.0663308782690828,0.23269247454937206,-0.13571428571428545,5.218990436773987,1.13887708227464,0.3154761904761905,3.09870902165838,0.6761937451615277,0.0,0.0,0.0,0.06780952380952489,7.786910600677772,1.6992432027361877
R:C:LEU:159,0.0,2.665629092362604,0.5816879566870506,-0.03938095238095238,0.7338628978456855,0.1601420132903571,0.07390476190476088,2.554318924005552,0.5573980865863617,-0.04709523809523816,1.7904666109166223,0.3907118463722128,0.0,0.0,0.0,-0.012571428571428941,4.168266913385524,0.909590411779481
R:C:VAL:160,0.0,2.335548431566016,0.5096584512803171,0.40847619047619044,1.5285981276410303,0.33356745843251384,-4.034857142857141,3.454228074669756,0.7537743628483681,2.0532380952380955,2.321938412389464,0.5066885016095385,0.0,0.0,0.0,-1.5731428571428565,5.0114357518364505,1.0935849368189745
R:C:GLY:161,0.0,1.6384701536629969,0.35754350014698144,-0.44952380952380966,0.995071647051829,0.2171424354533042,-0.14561904761904795,3.24125861027546,0.7073006156435556,0.3600000000000001,2.5413094862219956,0.5545591945200776,0.0,0.0,0.0,-0.23514285714285899,4.5429905690698495,0.9913618173444331
R:C:LEU:162,0.0,3.54666440591202,0.7739456240332103,-0.5303809523809524,1.0405249765178006,0.22706116511356997,-0.26528571428571485,3.7965284482673636,0.82847042820183,0.34728571428571425,2.1685663550560723,0.4732199748370921,0.0,0.0,0.0,-0.4483809523809531,5.7251924797080145,1.2493394241168525
R:C:PHE:174,0.0,3.3822298619405333,0.7380630647658349,-0.0783333333333334,0.9161324825720256,0.1999164975235295,-0.06214285714285611,4.308401671322121,0.9401703230051368,0.056714285714285696,2.1221989547702917,0.4631017785710013,0.0,0.0,0.0,-0.08376190476190355,5.945151884494224,1.297338501366864
R:C:LEU:176,0.0,2.520052580166281,0.5499205573276549,-0.06323809523809516,1.1968785668792283,0.26118031573306333,0.09185714285714093,2.295173578425398,0.5008479360093834,-0.09028571428571436,1.810222422785291,0.39502291795809286,0.0,0.0,0.0,-0.06166666666666813,4.040780900483754,0.8817706830094584
R:C:ASP:177,0.0,5.32427326713508,1.1618516793941116,-0.027714285714285643,0.9523654046349953,0.2078231693331959,0.034523809523808575,6.704871539282213,1.4631229216055153,0.024047619047619075,3.8499249843974273,0.8401225076620424,0.0,0.0,0.0,0.030857142857142875,9.435682828011918,2.059034799664743
R:C:LEU:213,0.0,2.548100549068516,0.5560411259269054,-0.007857142857142901,0.6431139487061436,0.14033896906799287,0.011142857142855535,2.2937766054361663,0.5005430915109566,-0.011142857142857157,0.9338582756026552,0.20378458268143335,0.0,0.0,0.0,-0.007857142857145524,3.6110821582652353,0.7880027300454736
R:C:ILE:218,0.0,2.6845714708048662,0.585821522546773,-0.014095238095238065,0.7631210826913856,0.16652667265952045,-0.005380952380953036,1.7149597100970737,0.37423488977711256,0.010666666666666687,1.2185934365976294,0.2659188887897623,0.0,0.0,0.0,-0.00880952380952413,3.495044282935845,0.762681189703627
R:C:ASN:227,0.0,2.396416156379734,0.5229408777726315,-0.02180952380952384,0.7843319239285266,0.17115525768441994,0.023666666666665986,2.6515163000333226,0.5786082929196162,-0.005476190476190479,0.4060884201607602,0.08861575829674832,0.0,0.0,0.0,-0.00361904761904758,3.6814988056201114,0.8033689022687466
R:C:LEU:238,0.0,2.6183782018958355,0.5713769670576205,-0.08852380952380963,1.2742505191238997,0.27806425991533545,-0.2558095238095238,2.6267743710436724,0.573209161375126,0.21585714285714283,1.186981621430809,0.25902062517752855,0.0,0.0,0.0,-0.12847619047619088,4.097375716191668,0.8941206842915341
R:C:THR:239,0.0,2.7508156679432885,0.6002771914866966,-0.4089999999999999,1.1604161521878706,0.25322356452620537,-0.6805714285714307,2.5398796854037244,0.5542471864020568,0.5708095238095238,1.0660246473477217,0.23262564948378764,0.0,0.0,0.0,-0.5187619047619064,4.06213611912995,0.8864307737679595
R:C:ASP:240,0.0,3.591771787214296,0.7837888616150634,-0.8022857142857143,0.9095725741103322,0.19848500813887754,-1.0143809523809517,5.333016197203716,1.16375954314817,0.9343333333333332,5.447588177151959,1.188761198892636,0.0,0.0,0.0,-0.8823333333333332,8.476168093335884,1.8496515186133908
R:C:PHE:241,0.0,2.626865012021597,0.5732289408580977,-0.7636190476190475,1.3102769799444451,0.28592587818826454,0.24880952380952354,4.986461172964095,1.0881350369079168,1.6109047619047612,3.3573976708429116,0.732644236414575,0.0,0.0,0.0,1.0960952380952371,6.689854983870385,1.4598460405649343
R:C:GLY:242,0.0,2.6150981008553984,0.5706611903288155,-0.34747619047619055,0.9223468317311743,0.20127257968622872,-0.01633333333333215,3.7523129350857434,0.8188218121996352,0.815,3.116772892074585,0.6801356048532483,0.0,0.0,0.0,0.45119047619047675,5.611023737134321,1.224425761981525
R:C:LEU:243,0.0,3.4810626899335153,0.7596301559765203,-0.2736190476190477,0.6557460655576448,0.14309552295654202,-0.16504761904761742,5.286604918958954,1.1536317719264424,0.2802857142857143,3.537536348218345,0.7719537185413442,0.0,0.0,0.0,-0.15838095238095046,7.280807327341418,1.5888024141871988
R:C:CYS:244,0.0,4.5932403019715125,1.002327208043156,-0.21647619047619043,0.847162132064775,0.18486593314700037,-0.22571428571428614,5.708606281174887,1.2457200188659183,0.21290476190476196,3.977387665791572,0.8679371450796952,0.0,0.0,0.0,-0.2292857142857135,8.379936662476643,1.8286520987968966
R:C:LYS:245,0.0,3.5609700785357288,0.7770673777315629,-0.032190476190476124,1.0095728761660792,0.2203068630764446,0.09495238095238703,25.855107670849133,5.642047047757121,-0.06142857142857149,25.059773055925955,5.46849080605693,0.0,0.0,0.0,0.0013333333333376697,36.19638881958021,7.898699602370455
L:E:UNL:377,0.0,0.0,0.0,0.0,0.0,0.0,0.0,0.0,0.0,0.0,0.0,0.0,0.0,0.0,0.0,0.0,0.0,0.0

