| Run on Thu Oct  1 14:45:17 2026
| GB non-polar solvation energies calculated with gbsa=2
idecomp = 1: Per-residue decomp adding 1-4 interactions to Internal.
Energy Decomposition Analysis (All units kcal/mol): Generalized Born model

DELTAS:
Total Energy Decomposition:
Residue,Internal,,,van der Waals,,,Electrostatic,,,Polar Solvation,,,Non-Polar Solv.,,,TOTAL,,
,Avg.,Std. Dev.,Std. Err. of Mean,Avg.,Std. Dev.,Std. Err. of Mean,Avg.,Std. Dev.,Std. Err. of Mean,Avg.,Std. Dev.,Std. Err. of Mean,Avg.,Std. Dev.,Std. Err. of Mean,Avg.,Std. Dev.,Std. Err. of Mean
R:A:LYS:102,0.0,4.462847171909273,0.9738730942997067,-0.11695238095238103,1.2629639938995179,0.27560133819277555,-0.4194285714285697,9.010718781620655,1.9663000420350911,0.641095238095235,8.270380420197403,1.8047449667445377,-0.013850399999999976,0.10865883929972031,0.023711302667476702,0.09086388571428497,13.081136606935154,2.8545380322541973
R:A:VAL:103,0.0,2.898841579562664,0.6325790936205362,-0.0856190476190477,0.6812847840045305,0.14866852821535242,0.010238095238094724,3.168444120562128,0.6914111913197019,0.08647619047619057,2.2613940275515465,0.4934766336845721,-0.000396342857142856,0.13498532126608948,0.02945621201951368,0.010698895238094948,4.90291684512855,1.06990416994646
R:A:ILE:104,0.0,5.06425253890224,1.1051105046615148,-2.6756190476190476,1.670647878998117,0.3645652554822046,0.49866666666666637,3.436400395472643,0.7498840443061701,0.2105714285714287,1.7493450902832066,0.38173839489629297,-0.39195737142857145,0.1178106928603751,0.025708400843231546,-2.3583383238095244,6.5818427051725745,1.436275828987916
R:A:GLY:105,0.0,3.5039425038511665,0.7646229406986221,-0.4965238095238096,0.5909804452105967,0.1289625059245839,-0.2126190476190478,6.204774343078567,1.3539927665370206,0.3784761904761905,4.441556179657323,0.9692270188894554,-0.05229977142857142,0.07118575084364762,0.015534004363965797,-0.3829664380952372,8.417754113397319,1.8369045431509095
R:B:VAL:112,0.0,5.468352884123895,1.1932924294394205,-1.0890952380952381,1.2496046903265718,0.2726860991520651,0.12195238095237994,3.1152316205840327,0.6797992718402991,-0.16104761904761902,1.1819463156042755,0.25792183136336944,-0.1457304,0.07129951374864678,0.015558829465081832,-1.2739208761904754,6.524656612490058,1.4237968004918975
R:B:LEU:113,0.0,5.3059248310662275,1.1578477223860364,-0.13223809523809538,0.8384063789331684,0.18295527117119398,-0.06552380952380805,2.756894485070849,0.6016036981354034,0.10433333333333326,0.8052557909688629,0.17572121980554056,0.0,0.09332400779882037,0.020364968090225883,-0.0934285714285709,6.092074936365737,1.3293997397732988
R:B:LEU:114,0.0,6.248680490552857,1.3635738734072504,-0.579952380952381,1.2216935626407026,0.2665953917543473,0.09647619047619098,3.5088203888973784,0.7656873824822202,-0.06857142857142857,0.7865609435471813,0.17164166964289743,-0.09910011428571427,0.11119671022518826,0.024265111506523586,-0.6511477333333319,7.3130982751385405,1.5958488766892074
R:B:ALA:125,0.0,4.061343060587508,0.8862577142059943,-0.8382857142857143,0.7938524340674593,0.17323280332090824,-0.04957142857142842,2.08840276716773,0.4557268458143505,0.05233333333333336,0.8528768389951336,0.18611298443666022,-0.12811028571428573,0.0608929857735248,0.013287938885668881,-0.9636340952380971,4.713516958597022,1.0285737262966135
R:B:VAL:126,0.0,4.191304652954441,0.9146176587040165,-0.10504761904761899,1.2807707146803313,0.27948708323358606,0.036952380952382805,2.073743487002821,0.45252792862438573,-0.02509523809523809,0.9966068191254952,0.21747743746436884,0.0,0.0091335520706316,0.0019931044632138075,-0.09319047619047513,4.949861507259351,1.080148335074485
R:B:LYS:127,0.0,4.696157231584583,1.0247855232928864,-0.17295238095238127,2.1933583709258864,0.47863003623490014,0.616047619047618,30.971120423187372,6.758452556992804,-0.464428571428572,25.707626097064768,5.609863929877213,-0.005787771428571431,0.14391241297922164,0.0314042631390966,-0.02712110476190823,40.58297382257421,8.855930927064652
R:C:VAL:160,0.0,4.785148973007794,1.0442051133546866,-0.25009523809523815,0.9845646458969131,0.2148496198285713,0.04890476190476229,3.34839408219899,0.7306794922961457,-0.02766666666666667,1.1856721009898814,0.2587348643896884,-0.01657268571428571,0.037605038234051695,0.008206092105678589,-0.2454298285714265,6.040363700597772,1.3181154230025174
R:C:LEU:176,0.0,4.547415967542382,0.9923275184625627,-0.5352380952380953,1.2094057553935895,0.2639139723812558,0.09457142857142878,2.869232699029332,0.626117906178303,-0.03676190476190476,1.3922604354722594,0.30381613488780046,-0.0535968,0.06594738265451651,0.014390898709454272,-0.5310253714285722,5.684794518861529,1.2405238663310962
R:C:ASP:177,0.0,11.223922804042761,2.4492607544698553,-0.12985714285714275,1.8589826052253993,0.4056632620976954,-1.219904761904761,19.084073533219136,4.164486263527621,1.3876190476190478,19.043638126258866,4.155662534329917,-0.008077371428571432,0.14788535219933593,0.03227122955374576,0.029779771428571793,29.262879988481178,6.385683933315404
R:C:TYR:178,0.0,4.462085446359384,0.9737068721572713,-0.5248571428571431,3.0933254918678466,0.6750189626486149,0.045285714285715324,3.833598341031937,0.8365597419921897,0.19209523809523812,2.5907616413105563,0.5653505394711265,-0.061176,0.3703927247100023,0.08082631894497742,-0.34865219047618834,7.143149307008693,1.5587629714161282
R:C:ILE:179,0.0,7.387693588210599,1.6121269085292853,-0.8022380952380951,1.517929733464946,0.3312394239632028,-0.22271428571428636,5.647376337433042,1.2323585497233043,0.6766666666666667,1.7582401903304972,0.3836794648620508,-0.1113336,0.17078260707144385,0.037267820204132954,-0.4596193142857166,9.586217293145152,2.0918841130539207
R:C:ASN:180,0.0,7.902879591149009,1.7245497111696189,-0.21833333333333324,1.2933653583243132,0.2822354597978499,-0.05814285714285596,11.312323799356902,2.4685514331620686,0.24742857142857128,3.734491632752983,0.8149328852033225,-0.012221142857142861,0.18675840208026048,0.040754024485799616,-0.041268761904760254,14.355426708379625,3.1326109297400184
R:C:GLY:181,0.0,2.694077931357363,0.5878960023121504,-0.3996666666666667,0.877015876750565,0.19138055432797743,-0.1374761904761905,3.343624251964028,0.7296386300054885,0.6007142857142858,1.977315970951429,0.43148571951095366,-0.06318685714285713,0.12168768053238518,0.02655442891348854,0.00038457142857146955,4.80953451252762,1.0495264743409694
R:C:GLY:182,0.0,3.342477464532414,0.7293883804716125,-0.7411904761904763,1.088853421376188,0.23760729638895375,-0.0003809523809514931,4.026638706710154,0.8786846033208746,0.3506666666666666,1.7901654416254447,0.3906461258448881,-0.10301211428571429,0.09366446627189184,0.020439262219932506,-0.493916876190474,5.6378224510140535,1.2302737207853984
R:C:GLU:183,0.0,4.069715639667606,0.8880847607486873,-1.3434761904761912,1.2608275474101882,0.27513512734727197,2.674619047619049,16.04628200039751,3.5015858042585246,-1.2623333333333333,15.89855060151789,3.4693481700734017,-0.21078445714285712,0.15702491251407807,0.0342656451233134,-0.14197493333333305,22.987474971830196,5.016278290205464
R:C:TYR:186,0.0,3.4903497514941257,0.7616567589567684,-0.06652380952380954,1.1395027339702277,0.24865988252512838,-0.051952380952378634,3.1873593858985028,0.6955388406146595,0.1136190476190477,2.2823014739820393,0.4980390125348563,-0.0017921142857142836,0.17437244348973618,0.038051186733625036,-0.006649257142854449,5.373971854275493,1.1726968002276021
R:C:HIS:187,0.0,4.1980617598699705,0.9160921803192222,-0.0232380952380953,1.8531803710185213,0.40439711079041535,0.010619047619048924,3.9965981412881444,0.8721292145129875,0.037285714285714144,3.0454668375313823,0.664575348069778,0.0,0.23643039727660972,0.05159334248135929,0.024666666666666996,6.808932685922113,1.4858309254808126
R:C:LEU:229,0.0,4.227376697373512,0.9224892241336451,-2.054714285714286,1.1594929809141217,0.25302211203852143,0.061000000000001296,2.301261806102634,0.5021764962083862,0.03785714285714287,0.7847326132998534,0.1712426952736709,-0.27569382857142855,0.04587430643433228,0.010010594366139401,-2.2315509714285704,5.012868773554691,1.0938976477949913
R:C:LEU:230,0.0,6.306914305301903,1.3762815336021808,-0.09061904761904768,1.9012759351040807,0.4148924233148761,-0.06842857142856996,4.388661424341786,0.9576844369799498,0.08942857142857143,1.3165365302087708,0.2872918240407718,0.0,0.09095106824792311,0.01984715022777154,-0.06961904761904608,8.02458147603493,1.751107239727168
R:C:THR:239,0.0,5.849693846282734,1.2765078496622857,-1.1897142857142857,1.6140526970466416,0.3522151742792315,0.0712857142857153,7.066204239458514,1.541972181111262,0.3722857142857142,1.7723849556005045,0.38676610569715514,-0.11168160000000002,0.040276767755526924,0.008789111285136132,-0.8578244571428567,9.481471257493899,2.0690266541435203
R:C:ASP:240,0.0,9.640251404311092,2.1036753227933294,-0.4563809523809526,1.436686339180619,0.31351066186686605,-1.178999999999998,17.015809657738597,3.7131540841689405,1.687333333333333,18.876256170540625,4.119136797089508,-0.07130639999999999,0.18554221544206867,0.04048863080348019,-0.019354019047616095,27.219180112808036,5.939712058170451
L:E:UNL:377,0.0,4.729233710873622,1.032003402819775,-18.345904761904762,2.7823561305462334,0.6071598846929784,0.30904761904761907,2.3449639965519125,0.5117130960069193,4.581904761904761,2.135827267808386,0.4660757202896499,-3.219849257142857,0.15609801847252833,0.0340633802610941,-16.674801638095236,6.339726964441079,1.3834418428525646

Sidechain Energy Decomposition:
Residue,Internal,,,van der Waals,,,Electrostatic,,,Polar Solvation,,,Non-Polar Solv.,,,TOTAL,,
,Avg.,Std. Dev.,Std. Err. of Mean,Avg.,Std. Dev.,Std. Err. of Mean,Avg.,Std. Dev.,Std. Err. of Mean,Avg.,Std. Dev.,Std. Err. of Mean,Avg.,Std. Dev.,Std. Err. of Mean,Avg.,Std. Dev.,Std. Err. of Mean
R:A:LYS:102,0.0,4.0005474534665435,0.872991025084441,-0.09095238095238097,0.7578848326105583,0.16538402921413428,-0.37638095238095304,8.374044776743345,1.8273663839226646,0.5771428571428553,8.152176214329426,1.7789506943230067,-0.01385074285714287,0.124498419738385,0.027167782493025407,0.09595878095237838,12.376464444898513,2.7007659597465263
R:A:VAL:103,0.0,2.4956412524180993,0.5445935688885873,-0.023809523809523853,0.5305112966070228,0.1157670558919453,-0.08166666666666615,1.7705010538995483,0.38635500464256045,0.10442857142857137,1.1104099853661744,0.24231132430358576,0.0,0.12131163300500582,0.02647236861543535,-0.0010476190476180864,3.300313367903312,0.7201874202615033
R:A:ILE:104,0.0,3.5125678650814307,0.7665051488288138,-1.947047619047619,1.2171993373138887,0.26561467138528483,-0.19952380952380958,1.6581541645938989,0.36183890348370507,0.20523809523809527,0.8007368403716322,0.1747351039401322,-0.2697805714285714,0.06941080866025265,0.015146680225414483,-2.2111139047619046,4.149117956265813,0.9054117667565982
R:A:GLY:105,0.0,0.4692493064082523,0.10239859363911157,-0.052952380952380945,0.14010784637835258,0.030574038642192627,-0.21990476190476196,1.2182673525969692,0.26584773142709844,0.26366666666666666,1.013687655114493,0.22120478145735498,-0.03790834285714286,0.0323657237723957,0.0070627799575730945,-0.04709881904761911,1.6590993535023346,0.3620451606131784
R:B:VAL:112,0.0,2.897733058757931,0.6323371945492446,-0.9472857142857145,0.6491442893456143,0.14165489727974254,-0.05995238095238055,1.1636981709646945,0.2539397597393988,0.11057142857142864,1.0270786367543125,0.22412693321898527,-0.1457304,0.07129951374864678,0.015558829465081832,-1.0423970666666664,3.3514791910517787,0.7313527182411497
R:B:LEU:113,0.0,3.7125133353708133,0.8101368275176062,-0.023666666666666662,0.8160355523356424,0.17807355658824664,-0.004190476190476237,1.1403763272711571,0.2488505162121815,0.013571428571428536,0.7564186443583207,0.1650640807070422,0.0,0.09332400779882037,0.020364968090225883,-0.014285714285714488,4.041040211597359,0.8818272693335839
R:B:LEU:114,0.0,4.192161990993449,0.9148047452021077,-0.49471428571428566,0.804646697868091,0.17558830479413282,0.022523809523809644,1.7675252835866064,0.3857056383230434,0.03014285714285712,0.7633259483348909,0.16657137800802801,-0.09910011428571427,0.11119671022518826,0.024265111506523586,-0.5411477333333333,4.6841066711812145,1.022155875425502
R:B:ALA:125,0.0,1.6169652883609382,0.352850753810957,-0.5022857142857142,0.3244074032220999,0.07079149910806351,0.008047619047619066,0.3699810009217823,0.08073647344855209,-0.004047619047619048,0.07576497255169858,0.016533272464019536,-0.11419234285714286,0.04714558927605128,0.010288011025752539,-0.612478057142857,1.6925323883833086,0.36934084694909086
R:B:VAL:126,0.0,2.369791557755847,0.5171309140325469,-0.02114285714285714,0.7040712510326013,0.15364094297615002,0.05195238095238109,1.0399050235718104,0.22692588028965038,-0.062095238095238044,0.7822119807101141,0.17069264814787788,0.0,0.007150307801452339,0.0015603250829708867,-0.031285714285714375,2.793731827047736,0.6096422651835013
R:B:LYS:127,0.0,3.354831771890668,0.7320843113586577,-0.13309523809523804,1.6307620994318301,0.3558614648148316,0.6633333333333338,30.400935835861127,6.634028079301391,-0.5380476190476191,25.170238149336832,5.492596265685773,-0.005787771428571432,0.14280035335727162,0.031161591834578027,-0.013597295238095037,39.64457669560902,8.651155885814791
R:C:VAL:160,0.0,2.287152238165229,0.4990975360609443,-0.21566666666666662,0.7977440157965644,0.17408201607551446,0.11533333333333311,1.5998403179954865,0.34911377890745426,-0.1163809523809524,0.8182964523326658,0.17856692541563166,-0.016573028571428568,0.021360968023925876,0.0046613453755796,-0.23328731428571492,3.016125874896884,0.6581726251061848
R:C:LEU:176,0.0,3.4129096503100023,0.7447579434567072,-0.46885714285714286,0.8759492421538659,0.19114779557663303,0.15071428571428575,1.022628989363504,0.22315594055306898,-0.09980952380952383,0.5324736608945885,0.11619527888665235,-0.05359782857142857,0.06593907352155952,0.014389085507990708,-0.47155020952380977,3.7079489703688018,0.8091408014166002
R:C:ASP:177,0.0,5.9236119274960695,1.2926380973949525,-0.018666666666666647,1.2101416869500576,0.26407456581286637,-0.6870000000000012,18.641479253100172,4.0679042734895425,0.6967142857142858,19.058266160939837,4.158854633196298,0.0,0.15178973255149872,0.03312323519687359,-0.008952380952380727,27.33676862941128,5.965371976179592
R:C:TYR:178,0.0,3.8640894519300413,0.8432134478833258,-0.3860476190476192,2.189960595634277,0.4778885808792692,-0.053666666666666814,2.7638030471520056,0.6031112699773177,0.27095238095238083,1.993208217355233,0.43495369199230227,-0.055055657142857116,0.35917816198022656,0.07837910072616658,-0.22381756190476212,5.609599801783589,1.2241150338134559
R:C:ILE:179,0.0,4.226121195944549,0.9222152512606284,-0.4608095238095238,1.2352047853202335,0.2695437822619833,0.130952380952381,2.2171135010738605,0.4838138306180725,-0.1318095238095238,0.884916396886428,0.19310458916379242,-0.06980982857142858,0.15709455555367713,0.034280842480484325,-0.5314764952380951,5.0109060288531495,1.093469341787149
R:C:ASN:180,0.0,4.749232268306319,1.0363674458305014,-0.05276190476190481,0.8994924772077241,0.19628535065941602,-0.08980952380952384,5.767587098106136,1.2585906883010507,0.1723333333333333,2.5539207011663074,0.557311187238538,-0.003048000000000003,0.13955472273539676,0.030453337167787163,0.026713904761905383,7.948040089078514,1.7344045397498025
R:C:GLY:181,0.0,0.3576157757760418,0.07803816010495555,-0.009047619047619046,0.3588797447639168,0.07831398075081336,0.06276190476190477,0.953035377538002,0.2079693694066053,-0.048,0.8300928697053124,0.1811411147270338,-0.0006370285714285714,0.0069942556974145805,0.0015262717220608792,0.005077257142857112,1.3616399072710368,0.29713418782581796
R:C:GLY:182,0.0,0.3853287079260088,0.08408561769097456,-0.03204761904761905,0.08894343281188787,0.01940904825855691,0.0371904761904762,1.1712509640814295,0.25558791431872163,0.0015238095238095332,1.1252211191110058,0.24554337866138598,-0.012423085714285713,0.06720584766218984,0.014665518288364569,-0.005756419047619012,1.6729785297807578,0.3650738451788693
R:C:GLU:183,0.0,3.01180972709093,0.6572307644380228,-0.9475238095238095,0.7824171368034566,0.17073741687773614,2.856380952380952,16.00241826226158,3.4920139518646374,-1.5190476190476183,15.623773049695457,3.409386792430499,-0.19882902857142856,0.14785882800808647,0.03226544150069109,0.19098049523809651,22.580626899843505,4.927496762289947
R:C:TYR:186,0.0,2.8608499680484014,0.6242886443092284,-0.0503333333333334,0.8918216573288215,0.19461144052906157,-0.03271428571428568,0.8721916461269829,0.19032782089928746,0.06742857142857153,0.8096618005639867,0.17668268992374803,-0.0017921142857142888,0.1599978399039493,0.034914391066155896,-0.017411161904761534,3.228262414334282,0.7044646131841781
R:C:HIS:187,0.0,2.405378005000207,0.5248965134712056,-0.017952380952381112,1.2114004900908246,0.26434925917846697,0.0229047619047619,3.2907874740776695,0.7181086998082595,0.012809523809523729,2.8329270849213053,0.6181953716639272,0.0,0.2307022418840036,0.05034335649664086,0.017761904761904097,5.114813397062359,1.1161437884577372
R:C:LEU:229,0.0,3.4023924249198436,0.7424628967209305,-1.9422857142857142,1.0138256546615332,0.22123489542736358,-0.0007142857142854876,1.0805234727004724,0.23578955256316503,0.09771428571428574,0.7146886641197796,0.1559578524597981,-0.27569417142857144,0.045644237437157294,0.009960389194967166,-2.1209798857142865,3.779485537648086,0.8247513602030107
R:C:LEU:230,0.0,3.645575717623373,0.7955298417953365,-0.023666666666666704,1.1971750573386635,0.26124501525559635,-0.0023809523809524996,1.997332293397729,0.4358536391654686,0.004047619047619047,0.9071667313443819,0.1979600102062523,0.0,0.09248317043248507,0.020181482334112603,-0.02199999999999999,4.420892594981214,0.9647178550367221
R:C:THR:239,0.0,3.275447322967182,0.7147612043970276,-0.9732380952380952,0.8316505049347813,0.18148101860056576,-0.03647619047619005,2.867238535745096,0.6256827440736309,0.3765238095238095,1.009993334209386,0.22039861454358778,-0.11168194285714286,0.040135778201337256,0.00875834484207555,-0.7448724190476197,4.5456519845443575,0.9919425858143216
R:C:ASP:240,0.0,5.009338025705823,1.0931271754484562,-0.26619047619047614,0.9468756117021291,0.20662519830155335,-1.1105238095238075,15.910578249289285,3.471972817994577,1.607190476190476,16.40527074654892,3.5799235710621486,-0.06891599999999999,0.12214948384550156,0.026655202658180784,0.16156019047619316,23.41547287309298,5.109675089244462
L:E:UNL:377,0.0,4.729233710873622,1.032003402819775,-18.345904761904762,2.7823561305462334,0.6071598846929784,0.30904761904761907,2.3449639965519125,0.5117130960069193,4.581904761904761,2.135827267808386,0.4660757202896499,-3.219849257142857,0.15609801847252833,0.0340633802610941,-16.674801638095236,6.339726964441079,1.3834418428525646

Backbone Energy Decomposition:
Residue,Internal,,,van der Waals,,,Electrostatic,,,Polar Solvation,,,Non-Polar Solv.,,,TOTAL,,
,Avg.,Std. Dev.,Std. Err. of Mean,Avg.,Std. Dev.,Std. Err. of Mean,Avg.,Std. Dev.,Std. Err. of Mean,Avg.,Std. Dev.,Std. Err. of Mean,Avg.,Std. Dev.,Std. Err. of Mean,Avg.,Std. Dev.,Std. Err. of Mean
R:A:LYS:102,0.0,2.6102522167255486,0.5696037317176715,-0.026142857142857162,0.6687568492030636,0.14593470871396225,-0.04300000000000163,2.5769298270099115,0.5623321901363038,0.06376190476190471,1.0334614623217977,0.22551977994806624,0.0,0.024889487697649152,0.005431331494435685,-0.005380952380954389,3.869093145985522,0.8443053434434991
R:A:VAL:103,0.0,1.840397231103648,0.4016076009676002,-0.06199999999999994,0.4177685891786366,0.09116458013742912,0.09199999999999875,3.308831634365899,0.7220462583974371,-0.01804761904761908,2.690949200729555,0.5872132573154335,-0.00039634285714285663,0.06126314055329064,0.013368713280770151,0.011556038095237203,4.664216988974277,1.0178155909368398
R:A:ILE:104,0.0,2.434523842589355,0.5312566566590703,-0.7284761904761905,0.9078446504204628,0.19810794427678544,0.6982380952380951,3.3874984275084,0.7392127600286249,0.005047619047619031,2.2832096704185907,0.49823719724516036,-0.12217782857142856,0.07052535254466571,0.015389893640446529,-0.14736830476190435,4.841926689887972,1.0565950269446953
R:A:GLY:105,0.0,3.41361725408248,0.7449123552590603,-0.4435714285714286,0.5555537287951825,0.12123176261042341,0.007428571428570356,5.370855410149736,1.172016736365441,0.11495238095238085,3.680212965838106,0.8030883090243358,-0.014392457142857144,0.06381012532660901,0.013924510924466884,-0.33558293333333306,7.372621633157342,1.6088379382958318
R:B:VAL:112,0.0,3.669262556665926,0.8006987338375618,-0.14180952380952383,0.8798045804457049,0.19198909936482417,0.18209523809523936,2.9247862103779885,0.638240676220008,-0.27161904761904754,1.5959776963530024,0.34827088576185145,0.0,0.0,0.0,-0.23133333333333184,5.033792108658966,1.098463493838147
R:B:LEU:113,0.0,2.768902375095915,0.604224034562859,-0.10880952380952384,0.8687738355430964,0.18958199348444552,-0.06147619047618897,2.3948041299575373,0.5225891047677751,0.09076190476190474,0.689533237899233,0.15046848842196325,0.0,0.0,0.0,-0.07952380952380719,3.8251968899869118,0.8347263950702234
R:B:LEU:114,0.0,3.106297300748098,0.6778496434150079,-0.08509523809523811,1.0517479608930222,0.22951022108608235,0.07399999999999943,2.8857967825705932,0.6297324855423697,-0.09866666666666667,1.0043568851929412,0.21916864053079646,0.0,0.0,0.0,-0.10976190476190631,4.4823891527852435,0.9781375041374932
R:B:ALA:125,0.0,3.400314000439858,0.7420093473158932,-0.3360952380952381,0.7196230431712415,0.1570346222460328,-0.057666666666666595,2.1680719210568826,0.47311208049292797,0.05628571428571426,0.8612795864741584,0.1879466142637188,-0.013918285714285713,0.02035004308458559,0.004440743468129814,-0.35139447619047526,4.186017813036188,0.9134639756510399
R:B:VAL:126,0.0,3.290523833987654,0.7180511688240347,-0.08404761904761905,0.9624447659152403,0.2100226662866973,-0.014904761904762018,2.522745492684841,0.5505081990160452,0.03738095238095233,1.309700966371787,0.28580018172169175,0.0,0.00320705690447978,0.0006998371915623501,-0.06157142857142809,4.453472662638596,0.9718274086646619
R:B:LYS:127,0.0,2.3339515429821276,0.509309981622599,-0.04014285714285716,1.0642986832063779,0.2322490132302406,-0.04757142857142834,1.7076056183574124,0.37263009539308173,0.07342857142857143,0.7880484348064571,0.17196626684724106,0.0,0.0032504600314919325,0.0007093085303685869,-0.014285714285712861,3.180724656583876,0.6940910239813348
R:C:VAL:160,0.0,3.2243995971195574,0.7036216773612136,-0.03466666666666673,0.868454336301203,0.18951227303394752,-0.06642857142857124,2.671959050122753,0.5830692667147533,0.08880952380952381,1.2729429361997582,0.2777789219283207,0.0,0.02903317667317013,0.006335558560468015,-0.012285714285713699,4.462236827628786,0.9737399062585013
R:C:LEU:176,0.0,2.914784849879736,0.6360582004325898,-0.0662380952380952,0.601258909825036,0.13120545078761217,-0.055904761904762894,3.231779099060565,0.7052320167057727,0.063,1.5117959990875565,0.32990093338810084,0.0,0.008690733037258593,0.0018964734279948083,-0.05914285714285842,4.646233077941206,1.0138911798130112
R:C:ASP:177,0.0,5.815700226517572,1.2690898336756478,-0.11128571428571428,1.0901377599188586,0.23788756203608413,-0.5327619047619035,6.098694435581613,1.330844232926606,0.690857142857143,2.300423417596586,0.5019935448373983,-0.00807737142857143,0.02271265967484447,0.004956308675892662,0.03873215238095144,8.803255479880601,1.9210278380279835
R:C:TYR:178,0.0,2.3619147388422137,0.5154120512274428,-0.13900000000000004,1.0633711570693813,0.23204661043348648,0.09928571428571602,2.5306973513046214,0.5522434368275085,-0.07880952380952373,1.911395246108997,0.4171006380130107,-0.006120685714285714,0.045561456035789996,0.009942324812210015,-0.12464449523809396,4.095037993507699,0.8936105513794815
R:C:ILE:179,0.0,4.558211774921609,0.9946833567722516,-0.3412857142857142,0.6608994043542005,0.14422007367639766,-0.3533333333333334,4.017479994432945,0.8766860084504636,0.8082380952380953,1.5593456881194399,0.34027712621001593,-0.04152274285714286,0.05371773240297426,0.01172217023323865,0.07209630476190394,6.307826304140744,1.3764805480646904
R:C:ASN:180,0.0,4.029316618008973,0.879268971474742,-0.1655714285714286,0.9068661120169376,0.19789440969085326,0.031333333333332714,6.4123688623085195,1.3992936045479358,0.07514285714285712,2.265641669005847,0.49440354504120854,-0.009173485714285714,0.09673188386646835,0.021108627615893754,-0.0682687238095253,7.957308729041735,1.7364271228079333
R:C:GLY:181,0.0,2.725285113129598,0.5947059676786988,-0.3905714285714287,0.7588237496238486,0.16558891770388115,-0.20014285714285593,3.7095496251928908,0.8094900929353089,0.6485714285714285,2.2289934755023846,0.48640625357392253,-0.06255051428571427,0.12197369697318404,0.026616842817772473,-0.004693371428568098,5.171754088236721,1.1285692659543858
R:C:GLY:182,0.0,3.2961952807438744,0.7192887799697629,-0.7092380952380951,1.0833167220076527,0.23639908953388103,-0.03757142857142932,3.8430617075428106,0.8386248178667225,0.34923809523809524,1.3236326003732966,0.2888403135010412,-0.09058731428571429,0.04988148664737085,0.01088503277802409,-0.4881587428571432,5.3443515191688675,1.1662331131925512
R:C:GLU:183,0.0,2.4010484010190805,0.5239517164248867,-0.39576190476190476,0.6469468395099611,0.1411753744127069,-0.18166666666666723,3.4173127413045,0.7457187766840436,0.2569047619047619,2.3312553166639476,0.508721616803847,-0.0119544,0.031221797467062745,0.0068131547726378834,-0.3324782095238104,4.826730379996513,1.0532789202608088
R:C:TYR:186,0.0,3.135288158484749,0.6841759672264317,-0.016190476190476182,0.4963930488603926,0.10832184385012676,-0.019238095238094388,2.670198046957814,0.5826849843194015,0.046142857142857145,1.6590550940184785,0.3620355024019884,0.0,0.026818783584522797,0.0058523383725102305,0.01071428571428505,4.467614414630088,0.9749133919484859
R:C:HIS:187,0.0,2.462617949567671,0.5373872934119427,-0.00533333333333338,0.8333771008914569,0.1818577927275215,-0.01219047619047823,3.2765558337252974,0.7150031012759674,0.024666666666666656,1.2927607926914326,0.2821035327609336,0.0,0.01764171568166353,0.003849737976195838,0.0071428571428539984,4.377940655901447,0.9553449735091905
R:C:LEU:229,0.0,1.8027220234627284,0.39338619664199576,-0.11238095238095228,0.6963687772458659,0.15196012539681059,0.06176190476190327,2.1055120748895435,0.459460402848803,-0.05980952380952378,0.8132071023934925,0.17745633820923257,0.0,0.0019124903341892594,0.0004173396058235082,-0.1104285714285742,2.971401473094578,0.6484129605028187
R:C:LEU:230,0.0,4.396359911524004,0.9593643846108624,-0.0669523809523809,1.0977554506712586,0.23954987844054307,-0.06623809523809414,3.7917425474951836,0.8274260590324461,0.08538095238095236,1.5551859233660223,0.33936939112164716,0.0,0.008587267267962991,0.0018738953461074782,-0.047809523809521706,6.109749262041285,1.3332565938335608
R:C:THR:239,0.0,4.09526746944061,0.8936606271334213,-0.2167142857142857,1.0915264769517143,0.23819060493712868,0.10766666666666748,4.547759907068049,0.9924025722202225,-0.004285714285714329,1.264148040212734,0.27585971828118727,0.0,0.0007283615697759805,0.00015894152508549002,-0.11333333333333366,6.343724195341801,1.3843141101465064
R:C:ASP:240,0.0,5.323347322980948,1.1616496218143204,-0.1902857142857143,0.9952903084959388,0.21719015129231378,-0.06852380952381054,4.141385606198609,0.9037244296383669,0.08023809523809512,4.022224330188245,0.8777213073895566,-0.0023890285714285716,0.08496506133938173,0.018540896429251563,-0.18096045714285872,7.916136171296579,1.727442534121166
L:E:UNL:377,0.0,0.0,0.0,0.0,0.0,0.0,0.0,0.0,0.0,0.0,0.0,0.0,0.0,0.0,0.0,0.0,0.0,0.0

idecomp = 1: Per-residue decomp adding 1-4 interactions to Internal.
Energy Decomposition Analysis (All units kcal/mol): Poisson Boltzmann model

DELTAS:
Total Energy Decomposition:
Residue,Internal,,,van der Waals,,,Electrostatic,,,Polar Solvation,,,Non-Polar Solv.,,,TOTAL,,
,Avg.,Std. Dev.,Std. Err. of Mean,Avg.,Std. Dev.,Std. Err. of Mean,Avg.,Std. Dev.,Std. Err. of Mean,Avg.,Std. Dev.,Std. Err. of Mean,Avg.,Std. Dev.,Std. Err. of Mean,Avg.,Std. Dev.,Std. Err. of Mean
R:A:LYS:102,0.0,4.462847171909273,0.9738730942997067,-0.11695238095238103,1.2629639938995179,0.27560133819277555,-0.4194285714285697,9.010718781620655,1.9663000420350911,0.5221428571428566,7.997111320023788,1.7451127602379632,0.0,0.0,0.0,-0.014238095238093522,12.909644664203931,2.8171154223189183
R:A:VAL:103,0.0,2.898841579562664,0.6325790936205362,-0.0856190476190477,0.6812847840045305,0.14866852821535242,0.010238095238094724,3.168444120562128,0.6914111913197019,0.039238095238095086,2.208927453387971,0.4820274885626864,0.0,0.0,0.0,-0.03614285714285724,4.877071877650897,1.0642643356702688
R:A:ILE:104,0.0,5.06425253890224,1.1051105046615148,-2.6756190476190476,1.670647878998117,0.3645652554822046,0.49866666666666637,3.436400395472643,0.7498840443061701,1.1660952380952385,2.0841200745784234,0.4547922856729827,0.0,0.0,0.0,-1.0108571428571438,6.677583565680328,1.4571681975772965
R:A:GLY:105,0.0,3.5039425038511665,0.7646229406986221,-0.4965238095238096,0.5909804452105967,0.1289625059245839,-0.2126190476190478,6.204774343078567,1.3539927665370206,0.5267142857142857,4.554491185044552,0.9938714574988469,0.0,0.0,0.0,-0.18242857142857055,8.477587248745404,1.8499612037127733
R:B:VAL:112,0.0,5.468352884123895,1.1932924294394205,-1.0890952380952381,1.2496046903265718,0.2726860991520651,0.12195238095237994,3.1152316205840327,0.6797992718402991,0.12285714285714286,1.0530378708145374,0.22979170250774986,0.0,0.0,0.0,-0.8442857142857134,6.502149794848511,1.4188854102302328
R:B:LEU:113,0.0,5.3059248310662275,1.1578477223860364,-0.13223809523809538,0.8384063789331684,0.18295527117119398,-0.06552380952380805,2.756894485070849,0.6016036981354034,-0.13014285714285712,0.6243559802089476,0.13624564475742157,0.0,0.0,0.0,-0.3279047619047611,6.070094823064771,1.324603285821614
R:B:LEU:114,0.0,6.248680490552857,1.3635738734072504,-0.579952380952381,1.2216935626407026,0.2665953917543473,0.09647619047619098,3.5088203888973784,0.7656873824822202,0.005666666666666651,0.7323986622417568,0.15982249088605935,0.0,0.0,0.0,-0.4778095238095221,7.3066251687088135,1.5944363290608392
R:B:ALA:125,0.0,4.061343060587508,0.8862577142059943,-0.8382857142857143,0.7938524340674593,0.17323280332090824,-0.04957142857142842,2.08840276716773,0.4557268458143505,0.2605238095238096,0.6264048628117401,0.13669274759634417,0.0,0.0,0.0,-0.6273333333333352,4.6774478418177114,1.0207027997303568
R:B:VAL:126,0.0,4.191304652954441,0.9146176587040165,-0.10504761904761899,1.2807707146803313,0.27948708323358606,0.036952380952382805,2.073743487002821,0.45252792862438573,-0.0639047619047619,0.9036783662172958,0.19719878652784678,0.0,0.0,0.0,-0.13199999999999873,4.931982862593514,1.0762468949552269
R:B:LYS:127,0.0,4.696157231584583,1.0247855232928864,-0.17295238095238127,2.1933583709258864,0.47863003623490014,0.616047619047618,30.971120423187372,6.758452556992804,-0.17895238095238167,24.68931194527433,5.38764956407605,0.0,0.0,0.0,0.2641428571428533,39.94542700091857,8.716806804716295
R:C:VAL:160,0.0,4.785148973007794,1.0442051133546866,-0.25009523809523815,0.9845646458969131,0.2148496198285713,0.04890476190476229,3.34839408219899,0.7306794922961457,-0.08509523809523813,1.7774278684842317,0.387866559507286,0.0,0.0,0.0,-0.2862857142857127,6.183689108711504,1.3493915911783085
R:C:LEU:176,0.0,4.547415967542382,0.9923275184625627,-0.5352380952380953,1.2094057553935895,0.2639139723812558,0.09457142857142878,2.869232699029332,0.626117906178303,0.010857142857142872,1.525049755702946,0.3327931401944125,0.0,0.0,0.0,-0.4298095238095243,5.718385025650802,1.2478539158546091
R:C:ASP:177,0.0,11.223922804042761,2.4492607544698553,-0.12985714285714275,1.8589826052253993,0.4056632620976954,-1.219904761904761,19.084073533219136,4.164486263527621,1.6648571428571424,19.79599655075848,4.319840602425498,0.0,0.0,0.0,0.31509523809523693,29.757614176822017,6.493643784122758
R:C:TYR:178,0.0,4.462085446359384,0.9737068721572713,-0.5248571428571431,3.0933254918678466,0.6750189626486149,0.045285714285715324,3.833598341031937,0.8365597419921897,0.5540476190476189,2.596563196003325,0.5666165424962711,0.0,0.0,0.0,0.07447619047619243,7.135648940387518,1.5571262572360587
R:C:ILE:179,0.0,7.387693588210599,1.6121269085292853,-0.8022380952380951,1.517929733464946,0.3312394239632028,-0.22271428571428636,5.647376337433042,1.2323585497233043,1.213142857142857,1.7926459067364013,0.3911874077082051,0.0,0.0,0.0,0.18819047619047394,9.591066993435213,2.0929424044194946
R:C:ASN:180,0.0,7.902879591149009,1.7245497111696189,-0.21833333333333324,1.2933653583243132,0.2822354597978499,-0.05814285714285596,11.312323799356902,2.4685514331620686,0.2763333333333335,3.607518966404823,0.7872251778351884,0.0,0.0,0.0,-0.00014285714285579485,14.32170250412918,3.1252517050385986
R:C:GLY:181,0.0,2.694077931357363,0.5878960023121504,-0.3996666666666667,0.877015876750565,0.19138055432797743,-0.1374761904761905,3.343624251964028,0.7296386300054885,0.7980952380952382,2.034047803548427,0.44386562032949206,0.0,0.0,0.0,0.2609523809523809,4.831602876245264,1.054342186112394
R:C:GLY:182,0.0,3.342477464532414,0.7293883804716125,-0.7411904761904763,1.088853421376188,0.23760729638895375,-0.0003809523809514931,4.026638706710154,0.8786846033208746,0.706095238095238,1.8847666835041321,0.4112898092613601,0.0,0.0,0.0,-0.03547619047618803,5.667796935297987,1.2368146895067502
R:C:GLU:183,0.0,4.069715639667606,0.8880847607486873,-1.3434761904761912,1.2608275474101882,0.27513512734727197,2.674619047619049,16.04628200039751,3.5015858042585246,-1.17647619047619,16.051359162292645,3.502693731815667,0.0,0.0,0.0,0.1546666666666679,23.092889998552817,5.039281734936045
R:C:TYR:186,0.0,3.4903497514941257,0.7616567589567684,-0.06652380952380954,1.1395027339702277,0.24865988252512838,-0.051952380952378634,3.1873593858985028,0.6955388406146595,0.042761904761904834,2.6915165068369844,0.5873370536573147,0.0,0.0,0.0,-0.07571428571428304,5.557385071230171,1.2127208454728482
R:C:HIS:187,0.0,4.1980617598699705,0.9160921803192222,-0.0232380952380953,1.8531803710185213,0.40439711079041535,0.010619047619048924,3.9965981412881444,0.8721292145129875,-0.013761904761904769,3.7856177100589568,0.8260895099290743,0.0,0.0,0.0,-0.02638095238095176,7.166707624625883,1.5639038177840607
R:C:LEU:229,0.0,4.227376697373512,0.9224892241336451,-2.054714285714286,1.1594929809141217,0.25302211203852143,0.061000000000001296,2.301261806102634,0.5021764962083862,0.06199999999999998,0.7304046652758246,0.15938736507501666,0.0,0.0,0.0,-1.9317142857142842,5.00444148627688,1.0920586629448148
R:C:LEU:230,0.0,6.306914305301903,1.3762815336021808,-0.09061904761904768,1.9012759351040807,0.4148924233148761,-0.06842857142856996,4.388661424341786,0.9576844369799498,0.11823809523809524,1.2185621317496456,0.2659120575118811,0.0,0.0,0.0,-0.040809523809522,8.008574217816028,1.7476141696101766
R:C:THR:239,0.0,5.849693846282734,1.2765078496622857,-1.1897142857142857,1.6140526970466416,0.3522151742792315,0.0712857142857153,7.066204239458514,1.541972181111262,1.4160476190476192,1.8673898720514583,0.407497878127129,0.0,0.0,0.0,0.29761904761904845,9.499603754476471,2.0729834893797676
R:C:ASP:240,0.0,9.640251404311092,2.1036753227933294,-0.4563809523809526,1.436686339180619,0.31351066186686605,-1.178999999999998,17.015809657738597,3.7131540841689405,2.422523809523809,16.114991994963336,3.5165795543108054,0.0,0.0,0.0,0.7871428571428603,25.381671735361184,5.538734856753037
L:E:UNL:377,0.0,4.729233710873622,1.032003402819775,-18.345904761904762,2.7823561305462334,0.6071598846929784,0.30904761904761907,2.3449639965519125,0.5117130960069193,5.483619047619048,2.04957878090556,0.4472547574416686,0.0,0.0,0.0,-12.553238095238095,6.309261957908765,1.3767938334010572

Sidechain Energy Decomposition:
Residue,Internal,,,van der Waals,,,Electrostatic,,,Polar Solvation,,,Non-Polar Solv.,,,TOTAL,,
,Avg.,Std. Dev.,Std. Err. of Mean,Avg.,Std. Dev.,Std. Err. of Mean,Avg.,Std. Dev.,Std. Err. of Mean,Avg.,Std. Dev.,Std. Err. of Mean,Avg.,Std. Dev.,Std. Err. of Mean,Avg.,Std. Dev.,Std. Err. of Mean
R:A:LYS:102,0.0,4.0005474534665435,0.872991025084441,-0.09095238095238097,0.7578848326105583,0.16538402921413428,-0.37638095238095304,8.374044776743345,1.8273663839226646,0.5510476190476199,8.103986866585288,1.7684349165264321,0.0,0.0,0.0,0.08371428571428584,12.344148346630806,2.693714008961888
R:A:VAL:103,0.0,2.4956412524180993,0.5445935688885873,-0.023809523809523853,0.5305112966070228,0.1157670558919453,-0.08166666666666615,1.7705010538995483,0.38635500464256045,0.09180952380952372,1.1567048279301493,0.25241368717670376,0.0,0.0,0.0,-0.013666666666666197,3.3139564778999393,0.7231645909412249
R:A:ILE:104,0.0,3.5125678650814307,0.7665051488288138,-1.947047619047619,1.2171993373138887,0.26561467138528483,-0.19952380952380958,1.6581541645938989,0.36183890348370507,0.2550952380952381,0.7771047726429168,0.16957816397845785,0.0,0.0,0.0,-1.8914761904761903,4.144040817219901,0.9043038441855645
R:A:GLY:105,0.0,0.4692493064082523,0.10239859363911157,-0.052952380952380945,0.14010784637835258,0.030574038642192627,-0.21990476190476196,1.2182673525969692,0.26584773142709844,0.31166666666666665,1.0003261055577413,0.2182890523027969,0.0,0.0,0.0,0.03880952380952377,1.6506522286797276,0.360201846855829
R:B:VAL:112,0.0,2.897733058757931,0.6323371945492446,-0.9472857142857145,0.6491442893456143,0.14165489727974254,-0.05995238095238055,1.1636981709646945,0.2539397597393988,0.2586666666666668,1.0619350817794053,0.23173323311348787,0.0,0.0,0.0,-0.7485714285714282,3.361568791387293,0.73355444953969
R:B:LEU:113,0.0,3.7125133353708133,0.8101368275176062,-0.023666666666666662,0.8160355523356424,0.17807355658824664,-0.004190476190476237,1.1403763272711571,0.2488505162121815,0.029476190476190465,0.7627486606178842,0.16644540350036366,0.0,0.0,0.0,0.0016190476190478214,4.041152431554233,0.8818517577358153
R:B:LEU:114,0.0,4.192161990993449,0.9148047452021077,-0.49471428571428566,0.804646697868091,0.17558830479413282,0.022523809523809644,1.7675252835866064,0.3857056383230434,0.07576190476190472,0.7395939622691247,0.16139263407764654,0.0,0.0,0.0,-0.3964285714285714,4.678976739017094,1.021036432451594
R:B:ALA:125,0.0,1.6169652883609382,0.352850753810957,-0.5022857142857142,0.3244074032220999,0.07079149910806351,0.008047619047619066,0.3699810009217823,0.08073647344855209,0.030714285714285722,0.053279777532170225,0.011626600645313215,0.0,0.0,0.0,-0.46352380952380945,1.691017913200933,0.3690103613699781
R:B:VAL:126,0.0,2.369791557755847,0.5171309140325469,-0.02114285714285714,0.7040712510326013,0.15364094297615002,0.05195238095238109,1.0399050235718104,0.22692588028965038,0.037857142857142874,0.6802881142334818,0.14845103704065218,0.0,0.0,0.0,0.06866666666666668,2.7669157432344647,0.6037905159493777
R:B:LYS:127,0.0,3.354831771890668,0.7320843113586577,-0.13309523809523804,1.6307620994318301,0.3558614648148316,0.6633333333333338,30.400935835861127,6.634028079301391,-0.15585714285714436,24.268846512693788,5.29589648446116,0.0,0.0,0.0,0.37438095238095126,39.07823041023563,8.527568994277619
R:C:VAL:160,0.0,2.287152238165229,0.4990975360609443,-0.21566666666666662,0.7977440157965644,0.17408201607551446,0.11533333333333311,1.5998403179954865,0.34911377890745426,-0.06466666666666666,0.7118184945342441,0.155331530108223,0.0,0.0,0.0,-0.1650000000000006,2.9889187823573167,0.652235550772745
R:C:LEU:176,0.0,3.4129096503100023,0.7447579434567072,-0.46885714285714286,0.8759492421538659,0.19114779557663303,0.15071428571428575,1.022628989363504,0.22315594055306898,0.018904761904761928,0.5147775998664502,0.11233368178360464,0.0,0.0,0.0,-0.2992380952380955,3.7048623973394683,0.8084672559620797
R:C:ASP:177,0.0,5.9236119274960695,1.2926380973949525,-0.018666666666666647,1.2101416869500576,0.26407456581286637,-0.6870000000000012,18.641479253100172,4.0679042734895425,0.6513333333333333,19.96894092438864,4.357580158767257,0.0,0.0,0.0,-0.05433333333333528,27.97886651663279,6.105489222454057
R:C:TYR:178,0.0,3.8640894519300413,0.8432134478833258,-0.3860476190476192,2.189960595634277,0.4778885808792692,-0.053666666666666814,2.7638030471520056,0.6031112699773177,0.43323809523809537,2.27258327443221,0.49591832753220016,0.0,0.0,0.0,-0.006476190476190778,5.7035389650307105,1.2446142398277773
R:C:ILE:179,0.0,4.226121195944549,0.9222152512606284,-0.4608095238095238,1.2352047853202335,0.2695437822619833,0.130952380952381,2.2171135010738605,0.4838138306180725,-0.1226190476190476,0.8317480840275178,0.18150231210431383,0.0,0.0,0.0,-0.45247619047619025,4.999322791780625,1.0909416722310796
R:C:ASN:180,0.0,4.749232268306319,1.0363674458305014,-0.05276190476190481,0.8994924772077241,0.19628535065941602,-0.08980952380952384,5.767587098106136,1.2585906883010507,0.15485714285714286,2.4209732558764325,0.5282996762151164,0.0,0.0,0.0,0.012285714285716105,7.905091162964826,1.725032315705372
R:C:GLY:181,0.0,0.3576157757760418,0.07803816010495555,-0.009047619047619046,0.3588797447639168,0.07831398075081336,0.06276190476190477,0.953035377538002,0.2079693694066053,-0.05228571428571427,0.7616016569705103,0.16619510678434074,0.0,0.0,0.0,0.0014285714285714405,1.3209834325323475,0.28826221768390825
R:C:GLY:182,0.0,0.3853287079260088,0.08408561769097456,-0.03204761904761905,0.08894343281188787,0.01940904825855691,0.0371904761904762,1.1712509640814295,0.25558791431872163,0.015619047619047628,1.1247979491019064,0.24545103539478919,0.0,0.0,0.0,0.02076190476190481,1.6713432904576553,0.36471700670375096
R:C:GLU:183,0.0,3.01180972709093,0.6572307644380228,-0.9475238095238095,0.7824171368034566,0.17073741687773614,2.856380952380952,16.00241826226158,3.4920139518646374,-1.205999999999999,15.64157426384081,3.4132713358249376,0.0,0.0,0.0,0.7028571428571427,22.592463568627778,4.930079735179474
R:C:TYR:186,0.0,2.8608499680484014,0.6242886443092284,-0.0503333333333334,0.8918216573288215,0.19461144052906157,-0.03271428571428568,0.8721916461269829,0.19032782089928746,0.02919047619047617,0.9688339064679741,0.2114168910585361,0.0,0.0,0.0,-0.05385714285714257,3.267899296805053,0.7131140900524817
R:C:HIS:187,0.0,2.405378005000207,0.5248965134712056,-0.017952380952381112,1.2114004900908246,0.26434925917846697,0.0229047619047619,3.2907874740776695,0.7181086998082595,-0.018285714285714343,3.275237001342954,0.7147153084559176,0.0,0.0,0.0,-0.01333333333333398,5.367475580647157,1.1712791971020309
R:C:LEU:229,0.0,3.4023924249198436,0.7424628967209305,-1.9422857142857142,1.0138256546615332,0.22123489542736358,-0.0007142857142854876,1.0805234727004724,0.23578955256316503,0.06857142857142857,0.6408245503321405,0.1398393813849082,0.0,0.0,0.0,-1.8744285714285724,3.765939955783536,0.8217954719065097
R:C:LEU:230,0.0,3.645575717623373,0.7955298417953365,-0.023666666666666704,1.1971750573386635,0.26124501525559635,-0.0023809523809524996,1.997332293397729,0.4358536391654686,-0.0020952380952380936,0.8298513212735769,0.18108840453787065,0.0,0.0,0.0,-0.02814285714285711,4.404706566447751,0.9611857740388502
R:C:THR:239,0.0,3.275447322967182,0.7147612043970276,-0.9732380952380952,0.8316505049347813,0.18148101860056576,-0.03647619047619005,2.867238535745096,0.6256827440736309,1.3456666666666668,1.5135495305426565,0.33028358532269525,0.0,0.0,0.0,0.33595238095238045,4.683170585208138,1.0219516047193775
R:C:ASP:240,0.0,5.009338025705823,1.0931271754484562,-0.26619047619047614,0.9468756117021291,0.20662519830155335,-1.1105238095238075,15.910578249289285,3.471972817994577,2.133809523809523,14.348511864971538,3.1311019872001937,0.0,0.0,0.0,0.7570952380952402,22.023086383288902,4.805831447046316
L:E:UNL:377,0.0,4.729233710873622,1.032003402819775,-18.345904761904762,2.7823561305462334,0.6071598846929784,0.30904761904761907,2.3449639965519125,0.5117130960069193,5.483619047619048,2.04957878090556,0.4472547574416686,0.0,0.0,0.0,-12.553238095238095,6.309261957908765,1.3767938334010572

Backbone Energy Decomposition:
Residue,Internal,,,van der Waals,,,Electrostatic,,,Polar Solvation,,,Non-Polar Solv.,,,TOTAL,,
,Avg.,Std. Dev.,Std. Err. of Mean,Avg.,Std. Dev.,Std. Err. of Mean,Avg.,Std. Dev.,Std. Err. of Mean,Avg.,Std. Dev.,Std. Err. of Mean,Avg.,Std. Dev.,Std. Err. of Mean,Avg.,Std. Dev.,Std. Err. of Mean
R:A:LYS:102,0.0,2.6102522167255486,0.5696037317176715,-0.026142857142857162,0.6687568492030636,0.14593470871396225,-0.04300000000000163,2.5769298270099115,0.5623321901363038,-0.028619047619047672,1.1012260473019315,0.24030722471514865,0.0,0.0,0.0,-0.09776190476190673,3.8876623437312836,0.8483574745989542
R:A:VAL:103,0.0,1.840397231103648,0.4016076009676002,-0.06199999999999994,0.4177685891786366,0.09116458013742912,0.09199999999999875,3.308831634365899,0.7220462583974371,-0.05238095238095238,2.682885685396795,0.5854536540116331,0.0,0.0,0.0,-0.022380952380953237,4.659166765404069,1.0167135418041289
R:A:ILE:104,0.0,2.434523842589355,0.5312566566590703,-0.7284761904761905,0.9078446504204628,0.19810794427678544,0.6982380952380951,3.3874984275084,0.7392127600286249,0.9113333333333332,2.6169319090836214,0.5710613600914757,0.0,0.0,0.0,0.8810952380952386,5.0074510943777595,1.0927154132750259
R:A:GLY:105,0.0,3.41361725408248,0.7449123552590603,-0.4435714285714286,0.5555537287951825,0.12123176261042341,0.007428571428570356,5.370855410149736,1.172016736365441,0.21495238095238092,3.827829255830435,0.8353008243909263,0.0,0.0,0.0,-0.2211904761904758,7.447132827570212,1.6250976139395723
R:B:VAL:112,0.0,3.669262556665926,0.8006987338375618,-0.14180952380952383,0.8798045804457049,0.19198909936482417,0.18209523809523936,2.9247862103779885,0.638240676220008,-0.13576190476190472,1.635122194078828,0.35681291546992877,0.0,0.0,0.0,-0.09547619047618874,5.046339542233579,1.101201568320675
R:B:LEU:113,0.0,2.768902375095915,0.604224034562859,-0.10880952380952384,0.8687738355430964,0.18958199348444552,-0.06147619047618897,2.3948041299575373,0.5225891047677751,-0.1595714285714286,0.6254995898971087,0.13649520085082553,0.0,0.0,0.0,-0.32985714285714046,3.814174209178075,0.8323210489193742
R:B:LEU:114,0.0,3.106297300748098,0.6778496434150079,-0.08509523809523811,1.0517479608930222,0.22951022108608235,0.07399999999999943,2.8857967825705932,0.6297324855423697,-0.06995238095238103,0.8345465861982465,0.18211299534383113,0.0,0.0,0.0,-0.08104761904762067,4.44742034990032,0.970506685747867
R:B:ALA:125,0.0,3.400314000439858,0.7420093473158932,-0.3360952380952381,0.7196230431712415,0.1570346222460328,-0.057666666666666595,2.1680719210568826,0.47311208049292797,0.2298095238095238,0.6375701499796902,0.13912921300601325,0.0,0.0,0.0,-0.1639523809523799,4.145723601118478,0.9046710577376351
R:B:VAL:126,0.0,3.290523833987654,0.7180511688240347,-0.08404761904761905,0.9624447659152403,0.2100226662866973,-0.014904761904762018,2.522745492684841,0.5505081990160452,-0.10180952380952372,1.1993433823358655,0.26171818256183177,0.0,0.0,0.0,-0.20076190476190414,4.422275025266177,0.965019526056905
R:B:LYS:127,0.0,2.3339515429821276,0.509309981622599,-0.04014285714285716,1.0642986832063779,0.2322490132302406,-0.04757142857142834,1.7076056183574124,0.37263009539308173,-0.022857142857142857,0.6767224533821563,0.14767294605237885,0.0,0.0,0.0,-0.11057142857142714,3.1549852168941857,0.6884742177563941
R:C:VAL:160,0.0,3.2243995971195574,0.7036216773612136,-0.03466666666666673,0.868454336301203,0.18951227303394752,-0.06642857142857124,2.671959050122753,0.5830692667147533,-0.0203809523809524,1.582381191694234,0.3453038852006312,0.0,0.0,0.0,-0.12147619047619004,4.5600724881854315,0.9950893976950173
R:C:LEU:176,0.0,2.914784849879736,0.6360582004325898,-0.0662380952380952,0.601258909825036,0.13120545078761217,-0.055904761904762894,3.231779099060565,0.7052320167057727,-0.007952380952380947,1.545271252120606,0.33720583248008895,0.0,0.0,0.0,-0.13009523809523932,4.657224751446673,1.0162897596155371
R:C:ASP:177,0.0,5.815700226517572,1.2690898336756478,-0.11128571428571428,1.0901377599188586,0.23788756203608413,-0.5327619047619035,6.098694435581613,1.330844232926606,1.0136666666666667,2.3298096892683353,0.5084061550435092,0.0,0.0,0.0,0.36961904761904674,8.81095094000189,1.9227071251000463
R:C:TYR:178,0.0,2.3619147388422137,0.5154120512274428,-0.13900000000000004,1.0633711570693813,0.23204661043348648,0.09928571428571602,2.5306973513046214,0.5522434368275085,0.12061904761904743,1.7586888024476857,0.38377736005179797,0.0,0.0,0.0,0.08090476190476291,4.025768850667194,0.8784947851703709
R:C:ILE:179,0.0,4.558211774921609,0.9946833567722516,-0.3412857142857142,0.6608994043542005,0.14422007367639766,-0.3533333333333334,4.017479994432945,0.8766860084504636,1.3357142857142856,1.720484383094382,0.3754404722628289,0.0,0.0,0.0,0.6410952380952372,6.349353874674991,1.3855426068933
R:C:ASN:180,0.0,4.029316618008973,0.879268971474742,-0.1655714285714286,0.9068661120169376,0.19789440969085326,0.031333333333332714,6.4123688623085195,1.3992936045479358,0.12123809523809519,2.2781333041492378,0.497129443307797,0.0,0.0,0.0,-0.01300000000000155,7.960286699049586,1.7370769691402328
R:C:GLY:181,0.0,2.725285113129598,0.5947059676786988,-0.3905714285714287,0.7588237496238486,0.16558891770388115,-0.20014285714285593,3.7095496251928908,0.8094900929353089,0.8505238095238093,2.3175474741166746,0.505730320323494,0.0,0.0,0.0,0.25980952380952715,5.20910521561931,1.13671995016975
R:C:GLY:182,0.0,3.2961952807438744,0.7192887799697629,-0.7092380952380951,1.0833167220076527,0.23639908953388103,-0.03757142857142932,3.8430617075428106,0.8386248178667225,0.6904285714285715,1.326908778714452,0.289555234226685,0.0,0.0,0.0,-0.05638095238095259,5.344931116861183,1.1663595917781537
R:C:GLU:183,0.0,2.4010484010190805,0.5239517164248867,-0.39576190476190476,0.6469468395099611,0.1411753744127069,-0.18166666666666723,3.4173127413045,0.7457187766840436,0.02957142857142856,2.3942658388385945,0.5224716400154666,0.0,0.0,0.0,-0.5478571428571438,4.857376752538325,1.0599665070202695
R:C:TYR:186,0.0,3.135288158484749,0.6841759672264317,-0.016190476190476182,0.4963930488603926,0.10832184385012676,-0.019238095238094388,2.670198046957814,0.5826849843194015,0.013619047619047628,1.8456547265440828,0.4027548805305372,0.0,0.0,0.0,-0.02180952380952442,4.540136217701342,0.9907389468108051
R:C:HIS:187,0.0,2.462617949567671,0.5373872934119427,-0.00533333333333338,0.8333771008914569,0.1818577927275215,-0.01219047619047823,3.2765558337252974,0.7150031012759674,0.004523809523809546,1.2344787235189036,0.2693853425875161,0.0,0.0,0.0,-0.013000000000003105,4.361050378998536,0.9516592129179355
R:C:LEU:229,0.0,1.8027220234627284,0.39338619664199576,-0.11238095238095228,0.6963687772458659,0.15196012539681059,0.06176190476190327,2.1055120748895435,0.459460402848803,-0.0064285714285714024,0.7040025767835754,0.15362595702641405,0.0,0.0,0.0,-0.05704761904762184,2.943388675221817,0.6423000668514175
R:C:LEU:230,0.0,4.396359911524004,0.9593643846108624,-0.0669523809523809,1.0977554506712586,0.23954987844054307,-0.06623809523809414,3.7917425474951836,0.8274260590324461,0.12066666666666666,1.4052465168939683,0.3066499301780786,0.0,0.0,0.0,-0.012523809523807362,6.073308556368737,1.3253045799229863
R:C:THR:239,0.0,4.09526746944061,0.8936606271334213,-0.2167142857142857,1.0915264769517143,0.23819060493712868,0.10766666666666748,4.547759907068049,0.9924025722202225,0.07023809523809524,0.8813285168701431,0.19232164955621886,0.0,0.0,0.0,-0.03880952380952366,6.278654778145493,1.3701147992070424
R:C:ASP:240,0.0,5.323347322980948,1.1616496218143204,-0.1902857142857143,0.9952903084959388,0.21719015129231378,-0.06852380952381054,4.141385606198609,0.9037244296383669,0.2888095238095238,3.5369118093885645,0.7718174329955391,0.0,0.0,0.0,0.029999999999998566,7.680458931984187,1.6760135441817727
L:E:UNL:377,0.0,0.0,0.0,0.0,0.0,0.0,0.0,0.0,0.0,0.0,0.0,0.0,0.0,0.0,0.0,0.0,0.0,0.0

