| Run on Thu Oct  1 20:41:35 2026
| GB non-polar solvation energies calculated with gbsa=2
idecomp = 1: Per-residue decomp adding 1-4 interactions to Internal.
Energy Decomposition Analysis (All units kcal/mol): Generalized Born model

DELTAS:
Total Energy Decomposition:
Residue,Internal,,,van der Waals,,,Electrostatic,,,Polar Solvation,,,Non-Polar Solv.,,,TOTAL,,
,Avg.,Std. Dev.,Std. Err. of Mean,Avg.,Std. Dev.,Std. Err. of Mean,Avg.,Std. Dev.,Std. Err. of Mean,Avg.,Std. Dev.,Std. Err. of Mean,Avg.,Std. Dev.,Std. Err. of Mean,Avg.,Std. Dev.,Std. Err. of Mean
R:A:LYS:102,0.0,4.717184319322165,0.4740948622466562,-0.13921212121212118,1.310960975513168,0.13175653547198396,-0.607373737373738,19.983732648988944,2.0084407002264038,0.855060606060605,19.967876536354197,2.0068471009463105,-0.042009818181818176,0.1657994218601929,0.016663468871760873,0.06646492929292817,28.671651504359104,2.8816093987814577
R:A:VAL:103,0.0,5.080535803938047,0.51061306047361,-0.058787878787878806,1.4893845198382734,0.1496887763899149,-0.009888888888889311,3.8680067849368513,0.3887493088540742,0.08379797979797982,2.247845754918316,0.22591699865627987,0.0,0.1856896954331861,0.018662516581431785,0.01512121212121151,6.933893422330791,0.696882509641956
R:A:ILE:104,0.0,4.090186328421232,0.4110791931519573,-1.708919191919192,2.714426379351914,0.27281011579858205,-0.4948282828282827,2.6804968452155453,0.2694000693124642,0.9337373737373739,1.618384924516304,0.1626538048784311,-0.24309425454545455,0.3500938312098138,0.03518575392548386,-1.5131043555555548,5.833055251057441,0.5862441105809045
R:A:GLY:105,0.0,2.9930501045717035,0.30081285380601014,-0.22264646464646468,1.1607016213703019,0.11665490217098334,0.1490808080808075,4.784969713431133,0.48090755068683244,-0.054565656565656574,4.308917767929968,0.43306252996119354,-0.026121090909090903,0.12814615715939875,0.012879173382534576,-0.15425240404040436,7.1961591220010455,0.723241204223358
R:A:LYS:106,0.0,5.3248575396885265,0.53516831882551,-0.09813131313131315,1.979220701448513,0.19891916496996187,0.9497676767676773,34.82075291036027,3.4996173430709336,-0.82640404040404,33.743986184722324,3.391398215323036,-0.0033323636363636385,0.5049226436519388,0.050746635065085026,0.021899959595960524,48.82282054693468,4.90687808972838
R:A:GLY:107,0.0,3.6555280954978007,0.3673943970717778,-0.018131313131313144,1.3513478049374235,0.135815564552964,-1.260878787878789,37.22976300053785,3.741731966867881,1.2419292929292927,36.05621783106481,3.623786239544362,0.0,0.22697752396005502,0.022812099479375916,-0.0370808080808103,51.97448068716683,5.223631851906227
R:B:VAL:112,0.0,4.682969356168932,0.4706561290649862,-0.7755757575757576,1.8734321577219648,0.1882870162833235,-0.114121212121212,3.572956002964848,0.3590955895237078,0.010616161616161622,2.210945888313161,0.22220842252465972,-0.06891599999999999,0.2176783266597369,0.021877494985538308,-0.9479968080808081,6.568228849124612,0.6601318372646728
R:B:LEU:114,0.0,5.007603117699061,0.5032830497097484,-0.3963030303030303,2.4655016439439206,0.24779223857473937,-0.14827272727272744,3.676889738927368,0.36954132301605763,0.16837373737373737,1.815867427044374,0.18250154316770442,-0.042686109090909086,0.3589593309963762,0.03607677017915063,-0.4188881292929293,6.935454693588519,0.6970394233073454
R:B:TYR:124,0.0,4.816927498802692,0.48411942896586785,-0.08403030303030305,2.9943191783274923,0.3009404005175022,0.05809090909090986,3.120713721313581,0.3136435300518447,-0.05758585858585861,2.7241191441115733,0.27378427531036903,-0.00019221818181818106,0.36720219370643453,0.0369052090521105,-0.08371747070706992,7.033011770443316,0.7068442784458674
R:B:ALA:125,0.0,3.6041860480378256,0.362234327150767,-0.6047676767676767,1.8830377532284543,0.1892524149555341,0.001656565656566102,3.9491405604262138,0.39690356010023026,-0.00461616161616162,2.9483371353852057,0.2963190313195151,-0.05299323636363636,0.26778096354358705,0.026912999456785346,-0.6607205090909085,6.3950057015834965,0.6427222558889683
R:B:LYS:127,0.0,4.552034418186291,0.45749667266386884,-0.15114141414141413,2.5797235852209615,0.2592719756063137,1.9191717171717164,29.842593824605622,2.999293529914969,-1.4509898989898982,29.64947179603198,2.979884035747361,-0.006564654545454545,0.3805684535065697,0.03824856870688199,0.3104757494949491,42.39330616302989,4.260687580770646
R:C:VAL:160,0.0,5.124488227871352,0.5150304452861375,-0.5401515151515152,1.2000971264642117,0.12061429940804497,0.0003535353535353191,3.870427624030434,0.38899261233744503,0.07513131313131313,1.160820939484448,0.11666689409265957,-0.04280465454545454,0.04720154599233075,0.004743933866098932,-0.5074713212121214,6.6355524218325055,0.6668981109076515
R:C:LEU:176,0.0,4.984526926392375,0.5009638052202108,-0.5913333333333334,2.3940418409226174,0.24061025814400094,0.1384343434343439,3.811918897036494,0.3831122640222863,-0.08230303030303032,2.208477025547281,0.22196029248062024,-0.07460909090909089,0.33307023282936327,0.03347481791307003,-0.6098111111111109,7.077851174330376,0.711350808097885
R:C:ASP:177,0.0,8.57396652398961,0.8617160583376138,-0.3803737373737374,1.6874052536216677,0.16959060895568376,-0.09982828282828293,25.64669490540768,2.57758982163505,0.31282828282828284,26.089928574093996,2.6221364814376322,-0.018568145454545458,0.13077460872161525,0.01314334270409505,-0.18594188282828414,37.614022292426014,3.780351478789114
R:C:TYR:178,0.0,4.363548113585729,0.43855308628566575,-1.3770606060606063,3.2732101072001094,0.3289699935024769,-0.887757575757576,3.5708659592326124,0.35888553222506353,0.7945555555555557,2.3039036530299284,0.2315510294008917,-0.10560247272727273,0.4771717911990306,0.047957569452999865,-1.5758650989898992,6.931176321882275,0.6966094307720944
R:C:ILE:179,0.0,7.010565813048166,0.7045883748476851,-0.8608585858585855,1.753465066668432,0.17622986997377896,-1.0068686868686865,5.587471496601495,0.5615620145767487,0.5332222222222223,2.205582961713274,0.22166942812132515,-0.08333556363636363,0.13390544986660866,0.013458004078523832,-1.4178406141414137,9.398140100836136,0.9445486194444341
R:C:ASN:180,0.0,11.296679746860681,1.1353590332467849,-0.1443535353535353,1.3614291189758307,0.1368287747365743,-0.07901010101010104,11.565845254788272,1.162411184649853,0.14418181818181822,3.7378636721731655,0.3756694338817694,-0.0015522909090909108,0.12144730592146055,0.012205913501242189,-0.0807341090909095,16.65003343199957,1.673391322448969
R:C:GLY:181,0.0,3.2490554898563517,0.3265423631181177,-0.323010101010101,0.7390716652910448,0.07427949718040994,0.12233333333333367,3.2023806601751783,0.32185136623308147,0.19272727272727272,2.1185873236026462,0.2129260375149465,-0.04477156363636364,0.1074986349628498,0.010804019322641011,-0.05272105858585879,5.085056400819414,0.5110673975549416
R:C:GLY:182,0.0,3.010668073831908,0.3025835263394681,-0.3968080808080808,0.9478519083050595,0.0952627011112192,0.04098989898989906,3.892620771716759,0.39122310760388396,0.039090909090909086,1.8110679654254465,0.1820191791257137,-0.06412007272727273,0.08083133148025835,0.008123854479541203,-0.38084734545454574,5.329309790470825,0.5356157868654328
R:C:GLU:183,0.0,4.492968856604019,0.45156036036689834,-0.10801010101010099,1.2566171961563104,0.1262947801442095,-4.359737373737374,35.76793620080263,3.5948128455585557,4.007111111111111,35.56819443443227,3.5747380427096678,-0.10095410909090909,0.1849290006810735,0.018586063882257548,-0.5615904727272754,50.6580869165985,5.091329299986943
R:C:GLU:226,0.0,3.9700991702076593,0.3990099796387917,-0.0775050505050505,1.3086470081498671,0.13152397300164467,-1.4783939393939398,49.59267982365771,4.984251858281856,1.6142727272727277,49.795987128603336,5.004685011240734,-0.008538618181818182,0.2648929664752355,0.02662274483038024,0.04983511919191891,70.4032573032013,7.07579359071416
R:C:ASN:227,0.0,4.690946178696078,0.4714578298935255,-0.08981818181818195,1.2907311165471052,0.1297233581461586,0.45306060606060544,4.298002415541862,0.4319654957695009,-0.40033333333333326,2.2506491527138044,0.2261987507358479,-0.0004109818181818182,0.0667728356605346,0.00671092248709261,-0.037501890909091104,6.87122025922932,0.6905836197500672
R:C:LEU:229,0.0,5.225854519759193,0.5252181409401259,-1.2564949494949496,1.3957358092195826,0.14027672683770978,-0.1600808080808087,2.833404246110202,0.28476784132567723,0.19454545454545452,1.0446822785693364,0.10499451948933414,-0.16478305454545455,0.09823840427481582,0.009873331120691213,-1.3868133575757582,6.19571024015262,0.6226923083742117
R:C:THR:239,0.0,4.398015927200421,0.44201723189487296,-1.2100808080808079,1.6204427850153222,0.16286062764043527,0.5825959595959593,4.619354578970142,0.46426260339557884,-0.0001818181818182201,2.018868226564834,0.20290389117229607,-0.11636421818181818,0.06884301563917385,0.006918983403385105,-0.744030884848485,6.883849498551268,0.6918529060597189
R:C:ASP:240,0.0,3.9363676660347493,0.3956198359128568,1.5159696969696972,1.9448181409759726,0.19546157754829738,-17.12562626262626,47.9086749172283,4.815002997077495,10.110606060606063,46.919147377343464,4.715551737395026,-0.07210021818181818,0.26148736890560165,0.02628046939627655,-5.5711507232323205,67.20113992031166,6.753968684843866
R:C:PHE:241,0.0,4.274848880286985,0.42963847792069204,-0.060010101010101145,1.1534278475085573,0.1159238603919136,-0.03809090909090938,2.584367703697661,0.2597387270750764,0.05557575757575761,1.7008766847676062,0.17094453872841667,-9.672727272727303e-06,0.07066968883888242,0.007102570967567871,-0.04253492525252582,5.402005264558825,0.5429219569110963
L:E:UNL:377,0.0,4.709921605596447,0.4733649320530814,-11.248373737373736,5.968065025240204,0.5998131034292329,-21.09260606060606,12.61852555612948,1.2682095356724907,18.16622222222222,9.421966134572795,0.9469432259337325,-2.4868195636363635,1.1501679516182652,0.11559622852755845,-16.66157713939394,17.5249730683108,1.7613260645051616

Sidechain Energy Decomposition:
Residue,Internal,,,van der Waals,,,Electrostatic,,,Polar Solvation,,,Non-Polar Solv.,,,TOTAL,,
,Avg.,Std. Dev.,Std. Err. of Mean,Avg.,Std. Dev.,Std. Err. of Mean,Avg.,Std. Dev.,Std. Err. of Mean,Avg.,Std. Dev.,Std. Err. of Mean,Avg.,Std. Dev.,Std. Err. of Mean,Avg.,Std. Dev.,Std. Err. of Mean
R:A:LYS:102,0.0,3.5761626369329633,0.35941786836347284,-0.11956565656565657,0.8962516042203462,0.09007667542281808,-0.6893737373737377,20.220673836567777,2.032254185577319,0.9243838383838386,20.40816182559526,2.0510974374652715,-0.04200938181818181,0.14508099006933167,0.014581188129492455,0.07343506262626255,28.96518555338603,2.9111106807152787
R:A:VAL:103,0.0,2.9541322579411413,0.2969014630507928,-0.014868686868686845,0.8474325244414905,0.08517017329442744,0.03883838383838399,2.672202179612471,0.26856642405286224,-0.021838383838383837,2.1768442820427976,0.21878108213838013,0.0,0.16561849261898004,0.016645284798830363,0.0021313131313130894,4.6207990957165785,0.4644077827910733
R:A:ILE:104,0.0,3.251309179527457,0.32676886745244965,-1.2284646464646465,2.0628061695499538,0.20731982059477094,0.05350505050505055,2.4514018334591388,0.24637515430221996,-0.026969696969696973,2.362806447540709,0.2374709829916694,-0.18007803636363637,0.28444065679938024,0.028587361628054447,-1.3820073292929291,5.147748286278195,0.517368169114539
R:A:GLY:105,0.0,0.3550177015465378,0.03568062151406793,0.0007272727272727279,0.23043462437446538,0.023159551144138986,0.06411111111111112,2.4066546812155827,0.24187789628922648,-0.06385858585858584,2.3544465225414224,0.23663077891596804,-0.02435352727272727,0.04702306161175397,0.004725995510907653,-0.023373729292929264,3.3936343401977775,0.3410730843061012
R:A:LYS:106,0.0,3.6853098574798557,0.37038757677147927,-0.02212121212121212,1.3433122273807339,0.13500795862177187,1.1453434343434339,34.063524620000706,3.4235130364113893,-1.0732323232323233,33.36793878903326,3.3536040300233108,0.0,0.41696932254982205,0.04190699369655869,0.04998989898989915,47.846660369015105,4.808770300472447
R:A:GLY:107,0.0,0.5127870232077726,0.05153703494980146,-0.0010404040404040408,0.149012255128057,0.014976295134075073,0.17626262626262626,4.289113177095481,0.431072093690754,-0.1688383838383839,3.9912906228227825,0.40113980076263894,0.0,0.07031039937982676,0.007066461018270375,0.006383838383838302,5.88362060447279,0.5913261198133417
R:B:VAL:112,0.0,2.9804900409831188,0.2995505199191513,-0.6776363636363635,1.2069120918565883,0.1212992292009471,0.023141414141414362,2.594527141277939,0.2607597889700709,-0.04460606060606063,2.5177016206993947,0.25303853363422973,-0.06891585454545454,0.15832231550731152,0.015911991408424805,-0.7680168646464643,4.841013961470988,0.48654020954761457
R:B:LEU:114,0.0,3.509055342422525,0.3526733314972001,-0.3389191919191919,1.5799318894911507,0.1587891294472545,-0.10127272727272736,1.8380371382481449,0.18472968297902098,0.12312121212121216,1.4841328559976048,0.14916096431462475,-0.042686109090909086,0.2863605311206784,0.02878031625739942,-0.359756816161616,4.524675389597567,0.4547469868318263
R:B:TYR:124,0.0,3.7088300715375007,0.3727514472265717,-0.01987878787878791,2.0951882503750694,0.21057434217137308,-0.003383838383838399,1.5324999490596964,0.15402204006878112,0.013454545454545467,1.8531995103773171,0.18625355871490604,0.0,0.3334499635973664,0.03351298229121609,-0.009808080808080738,4.902991709293866,0.4927692075742737
R:B:ALA:125,0.0,1.32870020849578,0.13353939546810584,-0.416949494949495,0.7658892878109426,0.07697476965519436,0.011191919191919204,0.37959184794113393,0.03815041615449643,-0.002444444444444445,0.13005856874088795,0.013071377978308207,-0.0526552,0.1525193830931944,0.01532877475686669,-0.4608572202020202,1.5925759039322753,0.16005990071225587
R:B:LYS:127,0.0,3.775627243131075,0.37946481556696177,-0.12369696969696975,1.7193152521963673,0.17279768448092783,1.8664646464646468,27.129482510005378,2.7266155830968812,-1.4436767676767677,27.5914664611726,2.7730467171934734,-0.006564509090909088,0.28613998132988067,0.0287581501694095,0.2925264000000004,38.917748198516364,3.9113808624245023
R:C:VAL:160,0.0,2.912357130067638,0.2927029047257768,-0.45496969696969697,0.8513705379435429,0.08556595854308385,0.017707070707070862,2.462306277344195,0.24747109214810534,-0.00778787878787877,2.5629114040508254,0.2575822878230161,-0.040052363636363636,0.04156299614885917,0.004177238284507647,-0.4851028686868685,4.673312572153222,0.4696855857540283
R:C:LEU:176,0.0,3.7077443149316087,0.3726423245818628,-0.4834646464646465,1.626584342354737,0.16347787737750472,-0.022929292929292727,2.5760022153975903,0.25889796386660846,0.04335353535353535,2.320004809365276,0.23316925649953418,-0.07460930909090908,0.2587222478860728,0.02600256427743709,-0.5376497131313128,5.336505547496769,0.5363389876574818
R:C:ASP:177,0.0,4.288407512154962,0.43100117169574165,-0.044454545454545455,1.3195364356700074,0.13261840164607122,0.6367474747474752,22.00452480343804,2.2115379534264514,-0.6277676767676766,21.852974543637224,2.1963065792252334,-1.9272727272727343e-05,0.13037249502022408,0.01310292875650185,-0.03549402020201985,31.33528714744453,3.1493148535187716
R:C:TYR:178,0.0,3.3147453767310604,0.3331444451570359,-1.008989898989899,2.505517067622029,0.2518139399737512,0.19470707070707072,1.6597426601090728,0.16681041370085356,0.28370707070707074,1.3927907354853386,0.1399807357905456,-0.0950597090909091,0.4690495452188062,0.0471412530175036,-0.6256354666666661,4.709540518481068,0.473326631356895
R:C:ILE:179,0.0,4.455667018155177,0.4478113845449207,-0.6539999999999999,1.232897957469844,0.1239109069613037,-0.2808282828282828,2.7968853354828105,0.28109755271041725,0.22448484848484848,1.8773081973805608,0.18867657292635684,-0.04063381818181818,0.1057414181952675,0.010627412392538234,-0.7509772525252524,5.721104862307817,0.5749926731682703
R:C:ASN:180,0.0,5.806368754536856,0.5835620167649074,-0.02853535353535355,0.7724422585221109,0.07763336799189538,0.05055555555555559,5.802344143660674,0.5831575281526807,-0.008777777777777811,2.517822521702182,0.2530506846422001,-0.0006314909090909074,0.13306970829940198,0.013374008890641161,0.012610933333331902,8.621770149797753,0.8665205035019823
R:C:GLY:181,0.0,0.36729066585076714,0.03691410083717563,-0.007515151515151517,0.32624903277182693,0.0327892615127428,-0.1496666666666667,1.532735981977964,0.1540457622696316,0.15486868686868688,1.4315817745795867,0.14387938190883737,-0.0002202181818181818,0.004546942049551925,0.0004569848703591911,-0.0025333494949494814,2.1540815924764893,0.21649334575926552
R:C:GLY:182,0.0,0.3027978428242488,0.03043232824172853,-0.017161616161616162,0.114219268165593,0.011479468373765365,-0.10490909090909092,1.9026540035215602,0.1912239222893502,0.11341414141414141,1.8622276690124622,0.18716092279795402,-0.005164290909090909,0.06155617032183084,0.006186627893597682,-0.013820856565656564,2.682630404154885,0.2696145000539763
R:C:GLU:183,0.0,3.0901556840420157,0.31057233175004234,0.054656565656565625,0.9147767489158797,0.09193852251803405,-4.5466161616161616,33.07357986031224,3.3240198445609295,4.128575757575758,33.16902743913416,3.333612687170026,-0.09227592727272728,0.17708218573701595,0.017797429307445652,-0.45565976565656524,46.95171245851386,4.71882465119835
R:C:GLU:226,0.0,2.796423489790416,0.2810511354718501,-0.024353535353535377,0.9860933570227576,0.09910611131837745,-1.1514949494949493,45.73199097034396,4.596238029228851,1.1967171717171718,45.81913834151112,4.604996669581194,0.0,0.2458146821296654,0.02470530510862366,0.02086868686868725,64.80479323145104,6.513126780766253
R:C:ASN:227,0.0,2.858823256373596,0.2873225479797945,-0.034838383838383814,0.9600889939152092,0.09649257448989568,0.3743131313131313,3.70371258170347,0.37223712014633115,-0.3102626262626263,2.1335974716911856,0.21443461415910878,-0.0004109818181818182,0.0675438023716303,0.00678840755698833,0.02880113939393985,5.231532138077149,0.5257887630511413
R:C:LEU:229,0.0,3.3879541716554895,0.3405022058878967,-1.1952929292929293,1.099435416046686,0.11049741685621642,-0.05204040404040403,1.9142278803529689,0.19238714067782203,0.07776767676767675,1.839373700874354,0.18486401257720123,-0.16478305454545455,0.09823840427481582,0.009873331120691213,-1.334348711111111,4.443445338558682,0.4465830595288748
R:C:THR:239,0.0,2.537492609967209,0.25502760289578397,-0.9711717171717171,1.2111965506800062,0.1217298335144927,0.4071717171717172,4.345739841185692,0.4367632875670183,-0.08874747474747474,2.1623441335794134,0.21732376238512274,-0.11616152727272726,0.06768069672149836,0.006802165956819603,-0.768909002020202,5.609958415712188,0.5638220349822408
R:C:ASP:240,0.0,2.1004460859113774,0.2111027745254134,1.7486161616161615,1.8726102130173672,0.18820440773230626,-16.664767676767678,42.0566050758507,4.226847848265248,9.663696969696968,40.99653007534854,4.120306302013687,-0.057439927272727266,0.2212034279481519,0.022231780995285912,-5.309894472727273,58.800008354176974,5.909623193350544
R:C:PHE:241,0.0,3.397878089074629,0.34149959711607114,-0.04096969696969699,0.9006887378158582,0.09052262412830274,-0.004686868686868683,0.7952384265654018,0.07992446908454648,-0.00875757575757576,0.5470944661223953,0.05498506269720572,-9.672727272727267e-06,0.03737760194489575,0.00375659033983265,-0.05442381414141407,3.645535530716563,0.3663901065241207
L:E:UNL:377,0.0,4.709921605596447,0.4733649320530814,-11.248373737373736,5.968065025240204,0.5998131034292329,-21.09260606060606,12.61852555612948,1.2682095356724907,18.16622222222222,9.421966134572795,0.9469432259337325,-2.4868195636363635,1.1501679516182652,0.11559622852755845,-16.66157713939394,17.5249730683108,1.7613260645051616

Backbone Energy Decomposition:
Residue,Internal,,,van der Waals,,,Electrostatic,,,Polar Solvation,,,Non-Polar Solv.,,,TOTAL,,
,Avg.,Std. Dev.,Std. Err. of Mean,Avg.,Std. Dev.,Std. Err. of Mean,Avg.,Std. Dev.,Std. Err. of Mean,Avg.,Std. Dev.,Std. Err. of Mean,Avg.,Std. Dev.,Std. Err. of Mean,Avg.,Std. Dev.,Std. Err. of Mean
R:A:LYS:102,0.0,2.8915374156421634,0.29061044469572683,-0.01955555555555555,0.7489622892804468,0.07527354229299583,0.0821414141414142,3.637141447397488,0.36554646940811,-0.0693232323232323,1.5395783436304564,0.15473344549027504,0.0,0.055627277388426315,0.005590751733528215,-0.006737373737373568,4.95218405507762,0.4977132243476717
R:A:VAL:103,0.0,3.4203855920355326,0.34376168627634784,-0.04395959595959596,0.7984982627180338,0.0802520949450409,-0.04882828282828286,4.406506227332169,0.44287053916440366,0.10557575757575756,3.331404993251085,0.3348187996160701,0.0,0.061587629779594776,0.006189789688067712,0.01278787878787894,6.5464483859941405,0.6579428183566746
R:A:ILE:104,0.0,2.184333542571168,0.2195337811423142,-0.4804545454545455,1.0143666038365418,0.10194767953917847,-0.5482323232323234,4.4225185955616935,0.44447984272265634,0.9606262626262625,3.595041805785912,0.36131529622526054,-0.06301614545454545,0.09949516544478575,0.009999640370748132,-0.1310767515151522,6.188145783153843,0.6219320518406444
R:A:GLY:105,0.0,2.9409241071853693,0.29557399395287326,-0.22339393939393942,1.1198643473718777,0.11255060170693153,0.08491919191919203,4.39558482136845,0.4417728965654701,0.009292929292929275,3.793883198559735,0.38129960812291075,-0.0017680727272727278,0.09226140785868941,0.009272620378703631,-0.13094989090909068,6.605025251600279,0.6638300148600271
R:A:LYS:106,0.0,3.047372594116897,0.30627246942720443,-0.07605050505050505,0.9982283398030127,0.10032572297654503,-0.1956161616161622,6.845161139983752,0.6879645797226528,0.2467878787878788,5.476457545608489,0.5504046926998183,-0.003332581818181818,0.12674158954199838,0.012738009025576985,-0.028211369696970873,9.335246180871506,0.9382275426530001
R:A:GLY:107,0.0,3.5919236260780942,0.36100190737314747,-0.017151515151515154,1.302037216351362,0.1308596639307959,-1.4371515151515144,40.50832594872373,4.071239941131335,1.4108585858585865,39.25744695836976,3.9455218723694347,0.0,0.202154330187185,0.02031727463565178,-0.043444444444442454,56.5394525572968,5.682428787413745
R:B:VAL:112,0.0,3.0279691327473146,0.3043223481848692,-0.09787878787878786,1.1822911212895295,0.11882472855411928,-0.13718181818181907,3.8270316684457417,0.38463115469825254,0.05517171717171716,2.921086877458219,0.2935802773502962,0.0,0.07288344225997294,0.007325061557753414,-0.1798888888888901,5.80953021314559,0.5838797553102228
R:B:LEU:114,0.0,3.031199177660136,0.30464697991310635,-0.05736363636363633,1.225423393783235,0.12315968504554317,-0.046959595959595826,3.3814301268373717,0.3398465147128312,0.0451818181818182,2.030077710699376,0.20403048671677237,0.0,0.08436626957583312,0.008479129125606506,-0.05914141414141301,5.123693377855731,0.5149505598538217
R:B:TYR:124,0.0,2.672344316762326,0.268580709373918,-0.06417171717171717,1.27733223948811,0.12837672033352868,0.06142424242424289,2.432362908498844,0.24446167034752211,-0.0711010101010101,1.1831863935291285,0.11891470679969417,-0.0001920727272727273,0.04262609891427147,0.004284084132582247,-0.07404055757575721,4.0113760908383655,0.403158466251923
R:B:ALA:125,0.0,3.275004305197372,0.32915031718600807,-0.1878383838383838,1.3834296447898826,0.13903991077644515,-0.00956565656565645,3.8118906778317823,0.3831094278855012,-0.002101010101010104,2.851256040174571,0.28656201413616833,-0.00033796363636363636,0.11980536796876659,0.012040892527965516,-0.19984301414141425,5.942563054247866,0.5972500589081385
R:B:LYS:127,0.0,2.9538202867299357,0.2968701087643394,-0.027464646464646456,1.2764715300322844,0.1282902157784231,0.05270707070707002,3.7263559735138982,0.3745128666498523,-0.0071414141414141395,2.461182019387819,0.24735809997207892,0.0,0.10345052382108809,0.010397168844856745,0.018101010101009632,5.505295781160151,0.5533030444252955
R:C:VAL:160,0.0,3.5789794249637477,0.3597009662123236,-0.08517171717171716,0.5808405078343549,0.05837666750078913,-0.017343434343434473,4.152900031295196,0.4173821574442837,0.08284848484848485,2.938590611875988,0.2953394688501074,-0.002752,0.02276690520985187,0.0022881600672323096,-0.022418666666668138,6.2473099175537365,0.6278782710785415
R:C:LEU:176,0.0,3.197563672589053,0.3213672407651124,-0.10808080808080811,1.1054172932910482,0.11109861813989867,0.16131313131313002,5.220875883500708,0.524717769169306,-0.12565656565656566,4.0171527432290155,0.403739041661744,0.0,0.07985202870549671,0.00802543084741883,-0.07242424242424349,7.405929943795593,0.7443239650675102
R:C:ASP:177,0.0,4.9627167734305,0.4987718023718836,-0.335959595959596,0.9489286247897751,0.09537091518956442,-0.7367373737373742,7.2822667881868455,0.7318953502934027,0.9405858585858586,6.298376239618448,0.6330106295546657,-0.018548363636363637,0.046369210049288546,0.0046602809563232464,-0.1506594747474749,10.87345971813911,1.0928238199427578
R:C:TYR:178,0.0,2.963580805769823,0.29785107783750386,-0.368080808080808,1.2300968039661935,0.12362938044155224,-1.082434343434343,3.463823994258027,0.3481274099631525,0.5107171717171717,1.7091447470446652,0.1717755102531529,-0.010543345454545458,0.04861544817543609,0.004886036382208773,-0.9503413252525246,5.021709393304681,0.50470078375136
R:C:ILE:179,0.0,3.9208679083825544,0.3940620516560759,-0.20684848484848486,0.8557360575455815,0.08600470977141426,-0.7259595959595959,5.066186526252641,0.509170903804061,0.30877777777777776,3.514441906460589,0.35321470155245704,-0.04270239999999999,0.04819877334618273,0.004844158986202144,-0.6667327030303032,7.356993972376902,0.7394057148872873
R:C:ASN:180,0.0,6.3268932259088935,0.6358766945145783,-0.11586868686868687,0.9983091964461759,0.10033384937494443,-0.1295959595959606,6.5770442308385535,0.6610178164625184,0.15297979797979797,2.251113295749228,0.22624539886607686,-0.0009208727272727276,0.08999191248666516,0.009044527511659616,-0.09340572121212237,9.45300584855312,0.9500628345662382
R:C:GLY:181,0.0,3.1530657363268224,0.3168950299006588,-0.31542424242424244,0.7232981535696391,0.07269419960446522,0.2720101010101015,3.8727262917383345,0.3892236371345606,0.037787878787878745,3.077573826786366,0.30930780751723025,-0.04455134545454545,0.1068628541712157,0.010740120948860241,-0.05017760808080788,5.911503448040854,0.5941284510316279
R:C:GLY:182,0.0,2.939102291685632,0.2953908946059071,-0.37961616161616163,0.9422697221944205,0.09470167029791851,0.1458585858585857,3.9490640891334827,0.3968958744461326,-0.07438383838383843,1.7595494562967442,0.17684137413970144,-0.05895636363636363,0.05924405891669053,0.005954251954071869,-0.3670977777777785,5.312327723146496,0.53390902488121
R:C:GLU:183,0.0,2.731026122778329,0.2744784527852968,-0.16263636363636363,0.7385346052326943,0.07422552061363917,0.18667676767676675,4.543864264145045,0.4566755412870743,-0.12150505050505049,3.2285836681736644,0.32448486762428325,-0.008677963636363636,0.03512588354730986,0.0035302841259437804,-0.10614261010101153,6.251049978002969,0.628254161296825
R:C:GLU:226,0.0,2.5935048598401518,0.26065704581978955,-0.053020202020202044,0.5929690121433918,0.05959562804810077,-0.3268989898989891,4.703294577904108,0.4726988907097243,0.4174646464646465,4.552061205436387,0.4574993648838002,-0.008538618181818178,0.060931145621885126,0.006123810547706034,0.029006836363637795,7.065679968443574,0.7101275558805308
R:C:ASN:227,0.0,2.802590588351743,0.2816709521983065,-0.05505050505050502,0.9028437063445198,0.09073920661450259,0.07879797979798125,2.361817084280237,0.23737154824268916,-0.08999999999999998,1.1054871103951747,0.11110563502287858,0.0,0.004152452560886545,0.00041733718497609335,-0.06625252525252352,3.9331844220318253,0.39529990785304325
R:C:LEU:229,0.0,3.3825170170262844,0.3399557512869204,-0.06115151515151518,0.9350292766480418,0.09397397814057494,-0.1080404040404033,2.8496339642542874,0.28639898937225766,0.11678787878787879,1.3914203386175215,0.13984300572313868,0.0,0.0,0.0,-0.052404040404039405,4.729922346890216,0.4753750821864268
R:C:THR:239,0.0,3.0433077305897007,0.3058639352713344,-0.23888888888888896,0.9965746938879737,0.10015952530877871,0.175333333333333,3.085656316867764,0.3101201283345565,0.08853535353535354,1.7633694499909867,0.17722529795137798,-0.0002026909090909091,0.003230283478387586,0.00032465570497865876,0.024777107070706888,4.783893834658515,0.4807994208017208
R:C:ASP:240,0.0,2.6477723138320113,0.26611113015975535,-0.23257575757575763,0.5435017499781987,0.05462398113876473,-0.46071717171717197,6.971713710122689,0.7006835915834403,0.4468787878787879,6.71927973631699,0.6753130226303522,-0.01466072727272727,0.06840917871676394,0.006875381152117342,-0.26107486868686874,10.053073382038459,1.010371890852447
R:C:PHE:241,0.0,2.3162985537937697,0.23279676379929629,-0.019111111111111065,0.5854967092052303,0.05884463334610829,-0.03340404040404043,2.5204945054057206,0.2533192291085814,0.06440404040404044,1.7301305075354245,0.17388465854067148,0.0,0.062315617885759324,0.006262955245643144,0.011888888888890092,3.880486148398801,0.39000353207303656
L:E:UNL:377,0.0,0.0,0.0,0.0,0.0,0.0,0.0,0.0,0.0,0.0,0.0,0.0,0.0,0.0,0.0,0.0,0.0,0.0

idecomp = 1: Per-residue decomp adding 1-4 interactions to Internal.
Energy Decomposition Analysis (All units kcal/mol): Poisson Boltzmann model

DELTAS:
Total Energy Decomposition:
Residue,Internal,,,van der Waals,,,Electrostatic,,,Polar Solvation,,,Non-Polar Solv.,,,TOTAL,,
,Avg.,Std. Dev.,Std. Err. of Mean,Avg.,Std. Dev.,Std. Err. of Mean,Avg.,Std. Dev.,Std. Err. of Mean,Avg.,Std. Dev.,Std. Err. of Mean,Avg.,Std. Dev.,Std. Err. of Mean,Avg.,Std. Dev.,Std. Err. of Mean
R:A:LYS:102,0.0,4.717184319322165,0.4740948622466562,-0.13921212121212118,1.310960975513168,0.13175653547198396,-0.607373737373738,19.983732648988944,2.0084407002264038,1.0447575757575756,19.529064588235148,1.9627448407815897,0.0,0.0,0.0,0.29817171717171703,28.367311837033558,2.851022111346899
R:A:VAL:103,0.0,5.080535803938047,0.51061306047361,-0.058787878787878806,1.4893845198382734,0.1496887763899149,-0.009888888888889311,3.8680067849368513,0.3887493088540742,0.009595959595959554,2.2321094489707423,0.22433544040129985,0.0,0.0,0.0,-0.0590808080808085,6.926319324398226,0.6961212841580855
R:A:ILE:104,0.0,4.090186328421232,0.4110791931519573,-1.708919191919192,2.714426379351914,0.27281011579858205,-0.4948282828282827,2.6804968452155453,0.2694000693124642,1.339141414141414,1.7840691295217108,0.17930569402059046,0.0,0.0,0.0,-0.86460606060606,5.870749591512853,0.590032534338799
R:A:GLY:105,0.0,2.9930501045717035,0.30081285380601014,-0.22264646464646468,1.1607016213703019,0.11665490217098334,0.1490808080808075,4.784969713431133,0.48090755068683244,-0.083030303030303,3.9452660800513613,0.3965141601711096,0.0,0.0,0.0,-0.15659595959595987,6.983311305046152,0.7018491937298542
R:A:LYS:106,0.0,5.3248575396885265,0.53516831882551,-0.09813131313131315,1.979220701448513,0.19891916496996187,0.9497676767676773,34.82075291036027,3.4996173430709336,-0.9337070707070708,33.6929369262075,3.386267571798202,0.0,0.0,0.0,-0.08207070707070657,48.784938806570004,4.903070831570947
R:A:GLY:107,0.0,3.6555280954978007,0.3673943970717778,-0.018131313131313144,1.3513478049374235,0.135815564552964,-1.260878787878789,37.22976300053785,3.741731966867881,1.2053737373737365,35.63950975178555,3.5819055017843935,0.0,0.0,0.0,-0.07363636363636686,51.685771107440374,5.194615447380958
R:B:VAL:112,0.0,4.682969356168932,0.4706561290649862,-0.7755757575757576,1.8734321577219648,0.1882870162833235,-0.114121212121212,3.572956002964848,0.3590955895237078,0.13059595959595957,2.201636097720289,0.22127275336486163,0.0,0.0,0.0,-0.7591010101010099,6.561491152650562,0.659454673290257
R:B:LEU:114,0.0,5.007603117699061,0.5032830497097484,-0.3963030303030303,2.4655016439439206,0.24779223857473937,-0.14827272727272744,3.676889738927368,0.36954132301605763,0.17876767676767677,1.967364129540392,0.19772753465726173,0.0,0.0,0.0,-0.36580808080808097,6.967411794282804,0.7002512327737256
R:B:TYR:124,0.0,4.816927498802692,0.48411942896586785,-0.08403030303030305,2.9943191783274923,0.3009404005175022,0.05809090909090986,3.120713721313581,0.3136435300518447,-0.08614141414141416,2.7215793636845103,0.27352901777320365,0.0,0.0,0.0,-0.11208080808080732,7.0224344947923605,0.7057812222447043
R:B:ALA:125,0.0,3.6041860480378256,0.362234327150767,-0.6047676767676767,1.8830377532284543,0.1892524149555341,0.001656565656566102,3.9491405604262138,0.39690356010023026,0.05232323232323231,3.392664266836108,0.3409755882648958,0.0,0.0,0.0,-0.5507878787878783,6.606199379554346,0.6639480191594063
R:B:LYS:127,0.0,4.552034418186291,0.45749667266386884,-0.15114141414141413,2.5797235852209615,0.2592719756063137,1.9191717171717164,29.842593824605622,2.999293529914969,-1.4228585858585874,29.34302642596559,2.9490851172245782,0.0,0.0,0.0,0.3451717171717151,42.177833006637535,4.239031713735887
R:C:VAL:160,0.0,5.124488227871352,0.5150304452861375,-0.5401515151515152,1.2000971264642117,0.12061429940804497,0.0003535353535353191,3.870427624030434,0.38899261233744503,0.03680808080808081,1.4464596267053578,0.14537466230846083,0.0,0.0,0.0,-0.5029898989898992,6.691268052849639,0.6724977425149764
R:C:LEU:176,0.0,4.984526926392375,0.5009638052202108,-0.5913333333333334,2.3940418409226174,0.24061025814400094,0.1384343434343439,3.811918897036494,0.3831122640222863,-0.15438383838383837,2.291283454572354,0.23028265173229787,0.0,0.0,0.0,-0.607282828282828,7.096312462314475,0.713206237352126
R:C:ASP:177,0.0,8.57396652398961,0.8617160583376138,-0.3803737373737374,1.6874052536216677,0.16959060895568376,-0.09982828282828293,25.64669490540768,2.57758982163505,1.9518383838383841,26.358183254637495,2.6490970912442817,0.0,0.0,0.0,1.4716363636363627,37.80035743879363,3.799078865630246
R:C:TYR:178,0.0,4.363548113585729,0.43855308628566575,-1.3770606060606063,3.2732101072001094,0.3289699935024769,-0.887757575757576,3.5708659592326124,0.35888553222506353,0.9929797979797981,2.283224768643805,0.229472723322349,0.0,0.0,0.0,-1.2718383838383842,6.907869106201225,0.6942669674593086
R:C:ILE:179,0.0,7.010565813048166,0.7045883748476851,-0.8608585858585855,1.753465066668432,0.17622986997377896,-1.0068686868686865,5.587471496601495,0.5615620145767487,1.0742121212121212,2.2876603701569906,0.22991851804776622,0.0,0.0,0.0,-0.7935151515151508,9.416788223891794,0.9464228263298885
R:C:ASN:180,0.0,11.296679746860681,1.1353590332467849,-0.1443535353535353,1.3614291189758307,0.1368287747365743,-0.07901010101010104,11.565845254788272,1.162411184649853,0.12289898989898973,3.696819084308556,0.37154429759020324,0.0,0.0,0.0,-0.1004646464646463,16.64042398344898,1.6724255365312557
R:C:GLY:181,0.0,3.2490554898563517,0.3265423631181177,-0.323010101010101,0.7390716652910448,0.07427949718040994,0.12233333333333367,3.2023806601751783,0.32185136623308147,0.2822121212121212,2.165786615601816,0.2176697448462092,0.0,0.0,0.0,0.08153535353535336,5.103769397179476,0.5129481244528086
R:C:GLY:182,0.0,3.010668073831908,0.3025835263394681,-0.3968080808080808,0.9478519083050595,0.0952627011112192,0.04098989898989906,3.892620771716759,0.39122310760388396,0.2816262626262626,1.8634800729953542,0.1872867941342328,0.0,0.0,0.0,-0.07419191919191948,5.3467373178154,0.5373673192662088
R:C:GLU:183,0.0,4.492968856604019,0.45156036036689834,-0.10801010101010099,1.2566171961563104,0.1262947801442095,-4.359737373737374,35.76793620080263,3.5948128455585557,3.7886363636363636,34.56235304181358,3.4736471791361905,0.0,0.0,0.0,-0.6791111111111132,49.956654849736864,5.020832724783806
R:C:GLU:226,0.0,3.9700991702076593,0.3990099796387917,-0.0775050505050505,1.3086470081498671,0.13152397300164467,-1.4783939393939398,49.59267982365771,4.984251858281856,1.769979797979798,49.9672288165917,5.021895448438447,0.0,0.0,0.0,0.21408080808080782,70.52398238978483,7.08792691844085
R:C:ASN:227,0.0,4.690946178696078,0.4714578298935255,-0.08981818181818195,1.2907311165471052,0.1297233581461586,0.45306060606060544,4.298002415541862,0.4319654957695009,-0.5178888888888888,2.4022033618183696,0.24143052185702688,0.0,0.0,0.0,-0.1546464646464641,6.922020559214008,0.6956892420011797
R:C:LEU:229,0.0,5.225854519759193,0.5252181409401259,-1.2564949494949496,1.3957358092195826,0.14027672683770978,-0.1600808080808087,2.833404246110202,0.28476784132567723,0.17133333333333334,0.9378815475120271,0.09426064214834166,0.0,0.0,0.0,-1.2452424242424243,6.1778180071821716,0.6208940713007389
R:C:THR:239,0.0,4.398015927200421,0.44201723189487296,-1.2100808080808079,1.6204427850153222,0.16286062764043527,0.5825959595959593,4.619354578970142,0.46426260339557884,0.05938383838383837,2.3063684383309733,0.23179874964429623,0.0,0.0,0.0,-0.56810101010101,6.973245371776219,0.7008375293716383
R:C:ASP:240,0.0,3.9363676660347493,0.3956198359128568,1.5159696969696972,1.9448181409759726,0.19546157754829738,-17.12562626262626,47.9086749172283,4.815002997077495,11.764929292929294,48.21244601911636,4.84553314153554,0.0,0.0,0.0,-3.844727272727273,68.10989936473656,6.845302445505963
R:C:PHE:241,0.0,4.274848880286985,0.42963847792069204,-0.060010101010101145,1.1534278475085573,0.1159238603919136,-0.03809090909090938,2.584367703697661,0.2597387270750764,0.04238383838383838,1.591460152116257,0.15994776343550163,0.0,0.0,0.0,-0.05571717171717231,5.3680937577867,0.5395137222432559
L:E:UNL:377,0.0,4.709921605596447,0.4733649320530814,-11.248373737373736,5.968065025240204,0.5998131034292329,-21.09260606060606,12.61852555612948,1.2682095356724907,18.891222222222222,10.005429333932181,1.0055834838505633,0.0,0.0,0.0,-13.449757575757571,17.8083397610042,1.789805488679342

Sidechain Energy Decomposition:
Residue,Internal,,,van der Waals,,,Electrostatic,,,Polar Solvation,,,Non-Polar Solv.,,,TOTAL,,
,Avg.,Std. Dev.,Std. Err. of Mean,Avg.,Std. Dev.,Std. Err. of Mean,Avg.,Std. Dev.,Std. Err. of Mean,Avg.,Std. Dev.,Std. Err. of Mean,Avg.,Std. Dev.,Std. Err. of Mean,Avg.,Std. Dev.,Std. Err. of Mean
R:A:LYS:102,0.0,3.5761626369329633,0.35941786836347284,-0.11956565656565657,0.8962516042203462,0.09007667542281808,-0.6893737373737377,20.220673836567777,2.032254185577319,1.1499494949494946,19.956182145462474,2.00567177043905,0.0,0.0,0.0,0.3410101010101005,28.648159842677412,2.87924839794812
R:A:VAL:103,0.0,2.9541322579411413,0.2969014630507928,-0.014868686868686845,0.8474325244414905,0.08517017329442744,0.03883838383838399,2.672202179612471,0.26856642405286224,-0.037010101010101,2.1611683774378108,0.21720559444673937,0.0,0.0,0.0,-0.013040404040404026,4.610461205264884,0.4633687857076773
R:A:ILE:104,0.0,3.251309179527457,0.32676886745244965,-1.2284646464646465,2.0628061695499538,0.20731982059477094,0.05350505050505055,2.4514018334591388,0.24637515430221996,-0.018353535353535337,2.2888732493425588,0.2300404169924499,0.0,0.0,0.0,-1.1933131313131313,5.106318867310937,0.5132043558419078
R:A:GLY:105,0.0,0.3550177015465378,0.03568062151406793,0.0007272727272727279,0.23043462437446538,0.023159551144138986,0.06411111111111112,2.4066546812155827,0.24187789628922648,-0.08370707070707066,2.2867923205741696,0.22983127578214071,0.0,0.0,0.0,-0.018868686868686823,3.3467213144472994,0.3363581478153552
R:A:LYS:106,0.0,3.6853098574798557,0.37038757677147927,-0.02212121212121212,1.3433122273807339,0.13500795862177187,1.1453434343434339,34.063524620000706,3.4235130364113893,-1.1619191919191925,33.04673068967628,3.3213214013811805,0.0,0.0,0.0,-0.03869696969696998,47.62138296290076,4.786129069265605
R:A:GLY:107,0.0,0.5127870232077726,0.05153703494980146,-0.0010404040404040408,0.149012255128057,0.014976295134075073,0.17626262626262626,4.289113177095481,0.431072093690754,-0.1717474747474748,3.976195501205872,0.39962268395754574,0.0,0.0,0.0,0.0034747474747474152,5.872970091281969,0.5902557029624725
R:B:VAL:112,0.0,2.9804900409831188,0.2995505199191513,-0.6776363636363635,1.2069120918565883,0.1212992292009471,0.023141414141414362,2.594527141277939,0.2607597889700709,-0.00676767676767678,2.40776435903769,0.24198942310662372,0.0,0.0,0.0,-0.661262626262626,4.7821394769861385,0.480623101221498
R:B:LEU:114,0.0,3.509055342422525,0.3526733314972001,-0.3389191919191919,1.5799318894911507,0.1587891294472545,-0.10127272727272736,1.8380371382481449,0.18472968297902098,0.13901010101010103,1.407761453140434,0.14148534952703956,0.0,0.0,0.0,-0.30118181818181833,4.491083054469449,0.4513708301211644
R:B:TYR:124,0.0,3.7088300715375007,0.3727514472265717,-0.01987878787878791,2.0951882503750694,0.21057434217137308,-0.003383838383838399,1.5324999490596964,0.15402204006878112,-8.080808080813022e-05,1.9344935118614213,0.19442391327943234,0.0,0.0,0.0,-0.023343434343434326,4.923012852446408,0.49478140817157595
R:B:ALA:125,0.0,1.32870020849578,0.13353939546810584,-0.416949494949495,0.7658892878109426,0.07697476965519436,0.011191919191919204,0.37959184794113393,0.03815041615449643,-0.0022626262626262617,0.14715675207983303,0.01478981006109569,0.0,0.0,0.0,-0.408020202020202,1.5867500515034914,0.1594743805125511
R:B:LYS:127,0.0,3.775627243131075,0.37946481556696177,-0.12369696969696975,1.7193152521963673,0.17279768448092783,1.8664646464646468,27.129482510005378,2.7266155830968812,-1.3657575757575762,27.287539763209544,2.7425009347415,0.0,0.0,0.0,0.37701010101010085,38.70180943579949,3.889678200193428
R:C:VAL:160,0.0,2.912357130067638,0.2927029047257768,-0.45496969696969697,0.8513705379435429,0.08556595854308385,0.017707070707070862,2.462306277344195,0.24747109214810534,-0.010101010101010098,2.5644325581841594,0.2577351695657,0.0,0.0,0.0,-0.44736363636363596,4.673962173023832,0.46975087309800717
R:C:LEU:176,0.0,3.7077443149316087,0.3726423245818628,-0.4834646464646465,1.626584342354737,0.16347787737750472,-0.022929292929292727,2.5760022153975903,0.25889796386660846,0.061181818181818205,2.339664986609487,0.23514517865804724,0.0,0.0,0.0,-0.44521212121212106,5.338816740720824,0.5365712713163364
R:C:ASP:177,0.0,4.288407512154962,0.43100117169574165,-0.044454545454545455,1.3195364356700074,0.13261840164607122,0.6367474747474752,22.00452480343804,2.2115379534264514,-0.5433838383838385,21.870690899917886,2.1980871400263005,0.0,0.0,0.0,0.04890909090909025,31.34737385587888,3.1505296134226253
R:C:TYR:178,0.0,3.3147453767310604,0.3331444451570359,-1.008989898989899,2.505517067622029,0.2518139399737512,0.19470707070707072,1.6597426601090728,0.16681041370085356,0.47503030303030297,1.554992417613286,0.15628261821426975,0.0,0.0,0.0,-0.33925252525252525,4.736866032022226,0.47607294879991907
R:C:ILE:179,0.0,4.455667018155177,0.4478113845449207,-0.6539999999999999,1.232897957469844,0.1239109069613037,-0.2808282828282828,2.7968853354828105,0.28109755271041725,0.17466666666666664,1.911294832713517,0.19209235829866145,0.0,0.0,0.0,-0.760161616161616,5.73137169162892,0.5760245283393224
R:C:ASN:180,0.0,5.806368754536856,0.5835620167649074,-0.02853535353535355,0.7724422585221109,0.07763336799189538,0.05055555555555559,5.802344143660674,0.5831575281526807,-0.038787878787878725,2.5441344177776544,0.2556951296969021,0.0,0.0,0.0,-0.01676767676767745,8.628464675340961,0.8671933286345966
R:C:GLY:181,0.0,0.36729066585076714,0.03691410083717563,-0.007515151515151517,0.32624903277182693,0.0327892615127428,-0.1496666666666667,1.532735981977964,0.1540457622696316,0.12308080808080808,1.4341195292588453,0.14413443585068797,0.0,0.0,0.0,-0.03410101010101008,2.155764198435724,0.21666245402098663
R:C:GLY:182,0.0,0.3027978428242488,0.03043232824172853,-0.017161616161616162,0.114219268165593,0.011479468373765365,-0.10490909090909092,1.9026540035215602,0.1912239222893502,0.11004040404040404,1.851920564540946,0.1861250198219839,0.0,0.0,0.0,-0.012030303030303037,2.6747774878156836,0.26882525226587983
R:C:GLU:183,0.0,3.0901556840420157,0.31057233175004234,0.054656565656565625,0.9147767489158797,0.09193852251803405,-4.5466161616161616,33.07357986031224,3.3240198445609295,3.970010101010101,32.17197024559612,3.23340466882183,0.0,0.0,0.0,-0.5219494949494953,46.25238624019249,4.648539721736831
R:C:GLU:226,0.0,2.796423489790416,0.2810511354718501,-0.024353535353535377,0.9860933570227576,0.09910611131837745,-1.1514949494949493,45.73199097034396,4.596238029228851,1.2203434343434345,46.13329891778663,4.636570995503245,0.0,0.0,0.0,0.04449494949494929,65.02683009029803,6.535442324718513
R:C:ASN:227,0.0,2.858823256373596,0.2873225479797945,-0.034838383838383814,0.9600889939152092,0.09649257448989568,0.3743131313131313,3.70371258170347,0.37223712014633115,-0.40616161616161617,2.297072210650941,0.23086444360852704,0.0,0.0,0.0,-0.06668686868686773,5.299874424572061,0.5326574212820078
R:C:LEU:229,0.0,3.3879541716554895,0.3405022058878967,-1.1952929292929293,1.099435416046686,0.11049741685621642,-0.05204040404040403,1.9142278803529689,0.19238714067782203,0.06352525252525251,1.8270115637723092,0.18362157105070384,0.0,0.0,0.0,-1.1838080808080806,4.437254932429952,0.4459609003037562
R:C:THR:239,0.0,2.537492609967209,0.25502760289578397,-0.9711717171717171,1.2111965506800062,0.1217298335144927,0.4071717171717172,4.345739841185692,0.4367632875670183,0.023898989898989927,2.5868556738872583,0.2599887774874547,0.0,0.0,0.0,-0.5401010101010103,5.786462034335721,0.5815613161069149
R:C:ASP:240,0.0,2.1004460859113774,0.2111027745254134,1.7486161616161615,1.8726102130173672,0.18820440773230626,-16.664767676767678,42.0566050758507,4.226847848265248,11.194040404040402,42.27947137007421,4.24924675360938,0.0,0.0,0.0,-3.722111111111111,59.701174800909186,6.000193829031409
R:C:PHE:241,0.0,3.397878089074629,0.34149959711607114,-0.04096969696969699,0.9006887378158582,0.09052262412830274,-0.004686868686868683,0.7952384265654018,0.07992446908454648,-0.016393939393939388,0.5084485561907115,0.05110100260856134,0.0,0.0,0.0,-0.062050505050505016,3.6397444690555423,0.3658080829281383
L:E:UNL:377,0.0,4.709921605596447,0.4733649320530814,-11.248373737373736,5.968065025240204,0.5998131034292329,-21.09260606060606,12.61852555612948,1.2682095356724907,18.891222222222222,10.005429333932181,1.0055834838505633,0.0,0.0,0.0,-13.449757575757571,17.8083397610042,1.789805488679342

Backbone Energy Decomposition:
Residue,Internal,,,van der Waals,,,Electrostatic,,,Polar Solvation,,,Non-Polar Solv.,,,TOTAL,,
,Avg.,Std. Dev.,Std. Err. of Mean,Avg.,Std. Dev.,Std. Err. of Mean,Avg.,Std. Dev.,Std. Err. of Mean,Avg.,Std. Dev.,Std. Err. of Mean,Avg.,Std. Dev.,Std. Err. of Mean,Avg.,Std. Dev.,Std. Err. of Mean
R:A:LYS:102,0.0,2.8915374156421634,0.29061044469572683,-0.01955555555555555,0.7489622892804468,0.07527354229299583,0.0821414141414142,3.637141447397488,0.36554646940811,-0.10526262626262625,1.365652660325538,0.13725325661365095,0.0,0.0,0.0,-0.04267676767676756,4.900585499086174,0.49252737434925437
R:A:VAL:103,0.0,3.4203855920355326,0.34376168627634784,-0.04395959595959596,0.7984982627180338,0.0802520949450409,-0.04882828282828286,4.406506227332169,0.44287053916440366,0.04665656565656566,3.370599501375624,0.33875799589763467,0.0,0.0,0.0,-0.046131313131313086,6.566191834233811,0.6599271095651228
R:A:ILE:104,0.0,2.184333542571168,0.2195337811423142,-0.4804545454545455,1.0143666038365418,0.10194767953917847,-0.5482323232323234,4.4225185955616935,0.44447984272265634,1.3574444444444445,3.709917375270444,0.37286072536339976,0.0,0.0,0.0,0.3287575757575751,6.254790987043684,0.6286301468521395
R:A:GLY:105,0.0,2.9409241071853693,0.29557399395287326,-0.22339393939393942,1.1198643473718777,0.11255060170693153,0.08491919191919203,4.39558482136845,0.4417728965654701,0.0006565656565656493,3.565034545453166,0.3582994530885868,0.0,0.0,0.0,-0.13781818181818156,6.475628772008002,0.6508251793448616
R:A:LYS:106,0.0,3.047372594116897,0.30627246942720443,-0.07605050505050505,0.9982283398030127,0.10032572297654503,-0.1956161616161622,6.845161139983752,0.6879645797226528,0.2282020202020202,5.533228430933512,0.5561103813555576,0.0,0.0,0.0,-0.043464646464647615,9.36780590357183,0.9414999179098181
R:A:GLY:107,0.0,3.5919236260780942,0.36100190737314747,-0.017151515151515154,1.302037216351362,0.1308596639307959,-1.4371515151515144,40.50832594872373,4.071239941131335,1.3771616161616156,38.85559667498736,3.90513439928224,0.0,0.0,0.0,-0.07714141414141329,56.26081300857352,5.654424459084379
R:B:VAL:112,0.0,3.0279691327473146,0.3043223481848692,-0.09787878787878786,1.1822911212895295,0.11882472855411928,-0.13718181818181907,3.8270316684457417,0.38463115469825254,0.13733333333333334,2.862804800930691,0.2877227082640965,0.0,0.0,0.0,-0.09772727272727388,5.779985474364878,0.5809103973385658
R:B:LEU:114,0.0,3.031199177660136,0.30464697991310635,-0.05736363636363633,1.225423393783235,0.12315968504554317,-0.046959595959595826,3.3814301268373717,0.3398465147128312,0.03982828282828282,2.2034270600355828,0.2214527518501191,0.0,0.0,0.0,-0.0644949494949484,5.194130481635898,0.5220297551434622
R:B:TYR:124,0.0,2.672344316762326,0.268580709373918,-0.06417171717171717,1.27733223948811,0.12837672033352868,0.06142424242424289,2.432362908498844,0.24446167034752211,-0.08603030303030301,1.1635243313773773,0.11693859520084549,0.0,0.0,0.0,-0.08877777777777739,4.005393861496738,0.40255722958113405
R:B:ALA:125,0.0,3.275004305197372,0.32915031718600807,-0.1878383838383838,1.3834296447898826,0.13903991077644515,-0.00956565656565645,3.8118906778317823,0.3831094278855012,0.05457575757575757,3.264695210750935,0.3281142142100333,0.0,0.0,0.0,-0.14282828282828292,6.15046958694909,0.6181454516485543
R:B:LYS:127,0.0,2.9538202867299357,0.2968701087643394,-0.027464646464646456,1.2764715300322844,0.1282902157784231,0.05270707070707002,3.7263559735138982,0.3745128666498523,-0.057202020202020205,2.4273260705706914,0.24395544908880956,0.0,0.0,0.0,-0.03195959595959643,5.489269035809334,0.5516922959119855
R:C:VAL:160,0.0,3.5789794249637477,0.3597009662123236,-0.08517171717171716,0.5808405078343549,0.05837666750078913,-0.017343434343434473,4.152900031295196,0.4173821574442837,0.04694949494949495,2.9305326286884035,0.2945296110682829,0.0,0.0,0.0,-0.05556565656565803,6.243482167636431,0.6274935677371168
R:C:LEU:176,0.0,3.197563672589053,0.3213672407651124,-0.10808080808080811,1.1054172932910482,0.11109861813989867,0.16131313131313002,5.220875883500708,0.524717769169306,-0.21556565656565654,4.351297568160669,0.43732186014469215,0.0,0.0,0.0,-0.16233333333333436,7.5919494433359045,0.7630196282088709
R:C:ASP:177,0.0,4.9627167734305,0.4987718023718836,-0.335959595959596,0.9489286247897751,0.09537091518956442,-0.7367373737373742,7.2822667881868455,0.7318953502934027,2.495313131313131,7.060141844611486,0.7095709534928472,0.0,0.0,0.0,1.4226161616161612,11.331638705350478,1.1388725407732172
R:C:TYR:178,0.0,2.963580805769823,0.29785107783750386,-0.368080808080808,1.2300968039661935,0.12362938044155224,-1.082434343434343,3.463823994258027,0.3481274099631525,0.517949494949495,1.617871943873426,0.16260224838397225,0.0,0.0,0.0,-0.9325656565656559,4.991145723120651,0.5016290193205539
R:C:ILE:179,0.0,3.9208679083825544,0.3940620516560759,-0.20684848484848486,0.8557360575455815,0.08600470977141426,-0.7259595959595959,5.066186526252641,0.509170903804061,0.8994949494949493,3.4707257872462494,0.3488210662577779,0.0,0.0,0.0,-0.03331313131313143,7.336052941753334,0.7373010621205687
R:C:ASN:180,0.0,6.3268932259088935,0.6358766945145783,-0.11586868686868687,0.9983091964461759,0.10033384937494443,-0.1295959595959606,6.5770442308385535,0.6610178164625184,0.16169696969696964,2.2153184880438825,0.22264788533269647,0.0,0.0,0.0,-0.08376767676767796,9.44411700275026,0.9491694719496501
R:C:GLY:181,0.0,3.1530657363268224,0.3168950299006588,-0.31542424242424244,0.7232981535696391,0.07269419960446522,0.2720101010101015,3.8727262917383345,0.3892236371345606,0.15914141414141414,3.0767549327219705,0.30922550556708933,0.0,0.0,0.0,0.11572727272727303,5.910111132906536,0.5939885180955532
R:C:GLY:182,0.0,2.939102291685632,0.2953908946059071,-0.37961616161616163,0.9422697221944205,0.09470167029791851,0.1458585858585857,3.9490640891334827,0.3968958744461326,0.17155555555555557,1.8544134303592787,0.18637556226356305,0.0,0.0,0.0,-0.06220202020202085,5.344169800926672,0.5371092741097601
R:C:GLU:183,0.0,2.731026122778329,0.2744784527852968,-0.16263636363636363,0.7385346052326943,0.07422552061363917,0.18667676767676675,4.543864264145045,0.4566755412870743,-0.18124242424242426,3.32201059022932,0.3338746265872042,0.0,0.0,0.0,-0.15720202020202156,6.299713791831656,0.6331450586100814
R:C:GLU:226,0.0,2.5935048598401518,0.26065704581978955,-0.053020202020202044,0.5929690121433918,0.05959562804810077,-0.3268989898989891,4.703294577904108,0.4726988907097243,0.5496565656565655,4.386800635768369,0.4408900526950364,0.0,0.0,0.0,0.16973737373737513,6.960091911167319,0.6995155568402917
R:C:ASN:227,0.0,2.802590588351743,0.2816709521983065,-0.05505050505050502,0.9028437063445198,0.09073920661450259,0.07879797979798125,2.361817084280237,0.23737154824268916,-0.11159595959595961,1.1139551401560905,0.11195670403592467,0.0,0.0,0.0,-0.08784848484848315,3.935570702945362,0.39553973810863685
R:C:LEU:229,0.0,3.3825170170262844,0.3399557512869204,-0.06115151515151518,0.9350292766480418,0.09397397814057494,-0.1080404040404033,2.8496339642542874,0.28639898937225766,0.10776767676767678,1.2774988657149042,0.12839346689942288,0.0,0.0,0.0,-0.06142424242424145,4.6976715722574545,0.472133757378694
R:C:THR:239,0.0,3.0433077305897007,0.3058639352713344,-0.23888888888888896,0.9965746938879737,0.10015952530877871,0.175333333333333,3.085656316867764,0.3101201283345565,0.03563636363636361,1.6010042023279796,0.16090697657285302,0.0,0.0,0.0,-0.02791919191919201,4.726454530116918,0.4750265534870713
R:C:ASP:240,0.0,2.6477723138320113,0.26611113015975535,-0.23257575757575763,0.5435017499781987,0.05462398113876473,-0.46071717171717197,6.971713710122689,0.7006835915834403,0.5707979797979797,6.742017090040919,0.6775982126614997,0.0,0.0,0.0,-0.12249494949494956,10.068052387450177,1.011877337539822
R:C:PHE:241,0.0,2.3162985537937697,0.23279676379929629,-0.019111111111111065,0.5854967092052303,0.05884463334610829,-0.03340404040404043,2.5204945054057206,0.2533192291085814,0.05886868686868685,1.7046054153015349,0.17131929024736764,0.0,0.0,0.0,0.006353535353536509,3.868671291341901,0.38881609426062985
L:E:UNL:377,0.0,0.0,0.0,0.0,0.0,0.0,0.0,0.0,0.0,0.0,0.0,0.0,0.0,0.0,0.0,0.0,0.0,0.0

