| Run on Thu Oct  1 23:05:44 2026
| GB non-polar solvation energies calculated with gbsa=2
idecomp = 1: Per-residue decomp adding 1-4 interactions to Internal.
Energy Decomposition Analysis (All units kcal/mol): Generalized Born model

DELTAS:
Total Energy Decomposition:
Residue,Internal,,,van der Waals,,,Electrostatic,,,Polar Solvation,,,Non-Polar Solv.,,,TOTAL,,
,Avg.,Std. Dev.,Std. Err. of Mean,Avg.,Std. Dev.,Std. Err. of Mean,Avg.,Std. Dev.,Std. Err. of Mean,Avg.,Std. Dev.,Std. Err. of Mean,Avg.,Std. Dev.,Std. Err. of Mean,Avg.,Std. Dev.,Std. Err. of Mean
R:A:ILE:104,0.0,4.690393714717489,0.47140230517452053,-1.0511313131313131,2.8719164847321017,0.2886384669422068,-0.10788888888888878,3.8558490672728385,0.3875274122541164,0.4439898989898988,1.6989222519231972,0.1707481108368151,-0.2013474909090909,0.4204605775630763,0.04225787802766207,-0.9163777939393941,6.94106572791892,0.6976033534758224
R:A:GLY:105,0.0,2.679982689419886,0.269348394710707,-0.31559595959595965,1.224489420861551,0.12306581723507112,-0.12555555555555475,4.963130727895589,0.4988134063610046,0.25403030303030305,4.42169132985428,0.44439669939073456,-0.047564218181818184,0.13421189697948688,0.013488803172205794,-0.23468543030302877,7.272119032948569,0.7308754625179564
R:A:LYS:106,0.0,4.8191375440320385,0.4843415468687605,-0.21696969696969695,1.5843771942835905,0.15923589938892999,-0.2756262626262619,40.918258881906766,4.1124397510882424,0.4543434343434348,40.456960725650426,4.066077541973545,-0.04158,0.3230231810267124,0.0324650512137168,-0.07983252525252464,57.76597842001041,5.805699274755805
R:A:GLY:107,0.0,3.6820469685466826,0.37005964409499625,-0.10911111111111109,1.804513299178917,0.18136041038129716,-0.47521212121212314,64.86207180585636,6.518883494094402,0.5453131313131313,63.6498230403306,6.397047909008933,-0.0079848,0.4204242244995676,0.042254224407309394,-0.046994901010101196,90.96910918915009,9.142739475554013
R:B:VAL:112,0.0,4.145492043955865,0.41663762670318477,-1.3826060606060604,2.425042471393531,0.24372593873601545,-0.03876767676767635,4.438202744129678,0.44605615896375317,0.02593939393939394,2.7463735204307316,0.2760209242859454,-0.17923687272727273,0.2590077899058955,0.026031262330213824,-1.5746712161616157,7.097410191155578,0.7133165632517469
R:B:ALA:125,0.0,3.7997932212735317,0.3818935877545514,-0.45893939393939387,1.901966498649088,0.19115482544984927,-0.060909090909091065,3.172847881705137,0.318883210317875,0.054848484848484834,1.9911473751084026,0.20011784077380637,-0.04046698181818181,0.20995474500492395,0.021101245822305374,-0.5054669818181831,5.668475776715616,0.5697032510480028
R:B:VAL:126,0.0,4.425102843735379,0.4447395694365132,-0.11445454545454549,2.1381932619065864,0.2148965084548564,0.03909090909090892,2.8570030857127664,0.28713961394535864,-0.05016161616161617,1.0643581341498,0.10697201737992865,0.0,0.1489375121897327,0.014968783186131122,-0.1255252525252527,5.785405159099754,0.5814550961490991
R:B:LYS:127,0.0,5.356972895298155,0.5383960335093273,-0.8788181818181819,2.4275185185582138,0.24397479083930262,1.8943030303030308,28.212240914876595,2.8354368972654127,-0.8688080808080808,25.53073736881184,2.565935650710738,-0.08994858181818181,0.3273638363474262,0.032901303487749146,0.056728185858586605,38.50254874517443,3.8696517472761425
R:C:LEU:151,0.0,5.2997164456069115,0.5326415437986087,-0.19417171717171716,2.250019966898901,0.2261355151821676,0.005383838383838325,4.692481579564656,0.47161214348697583,0.049282828282828275,4.000006983949621,0.4020158280170318,-0.006682327272727272,0.3378881762071299,0.03395903944171335,-0.14618737777777732,8.442937398861845,0.8485471357722404
R:C:ASN:153,0.0,5.727483142234213,0.575633714420504,-0.08655555555555551,1.6286272644949988,0.16368319877796406,-0.032080808080806954,7.120129582937997,0.7155999480398489,0.03613131313131318,3.220294139779675,0.32365173867362085,-0.0021484363636363633,0.1680977633398646,0.016894460881705757,-0.08465348686868492,9.826051414164366,0.9875553245916446
R:C:LEU:159,0.0,5.054346643499415,0.5079809508145384,-0.051171717171717215,1.3462681104148184,0.1353050360444457,-0.04198989898989838,2.9959274812843835,0.30110204104650906,0.027696969696969734,1.8138229831779789,0.18229606882801425,-7.723636363636362e-05,0.04710277245772936,0.00473400675235681,-0.06554188282828226,6.294967178339101,0.6326680060046377
R:C:VAL:160,0.0,4.220601323156175,0.4241863932905022,-0.8597474747474747,1.2957663597009925,0.1302294191240268,0.06592929292929316,3.0512322552841105,0.3066603799699181,0.08817171717171716,1.3218571162929436,0.13285163882439022,-0.07443556363636364,0.07037798794791376,0.007073253924951041,-0.780082028282828,5.527636344833882,0.5555483555559261
R:C:GLY:161,0.0,2.892472343221345,0.2907044084528874,-0.1677979797979798,0.8498086254731583,0.0854089804333977,-0.07188888888888836,3.421435148122627,0.3438671706320244,0.16912121212121214,1.9664926247872165,0.19763994513394975,-0.0033005090909090915,0.05581904580031372,0.00561002518410012,-0.07386616565656429,4.966386859504044,0.49914065990080037
R:C:LEU:162,0.0,5.104243979372369,0.5129958217578393,-0.41415151515151505,2.05454894117877,0.20648993791854386,-0.026585858585858563,5.635657052901333,0.5664048451998126,0.07219191919191921,4.747196600169102,0.4771112099639913,-0.038192509090909085,0.16938232550858875,0.017023564237267676,-0.4067379636363639,9.197808124951628,0.9244144983074815
R:C:LEU:176,0.0,5.678370699976032,0.5706977282535834,-1.2636363636363634,2.159730357007111,0.2170610679555425,-0.009121212121212252,3.29328909349937,0.3309880075547598,0.10293939393939397,1.365596623960946,0.1372476247471065,-0.16243207272727275,0.2208738097809974,0.022198653123027243,-1.332250254545455,7.047533004811468,0.7083037174122908
R:C:ASP:177,0.0,10.222808247205696,1.0274308866585469,0.02823232323232323,1.3846539015578139,0.13916295321118094,-1.7513333333333332,25.615633596153632,2.574468042595872,1.0304848484848486,30.737170562844046,3.0892018749730545,-0.012386545454545456,0.18113681159132292,0.01820493453847627,-0.705002707070707,41.320578700842404,4.152874414274098
R:C:TYR:178,0.0,5.199802645121195,0.5225998290231678,-0.33845454545454534,2.9133771547942313,0.29280542106804935,-0.29882828282828217,4.420894098106258,0.4443165745853058,0.341171717171717,3.2568934396847378,0.32733010671528096,-0.04103607272727273,0.44194899643714586,0.04441754538351904,-0.3371471838383835,8.116199382338406,0.8157087295433558
R:C:ILE:179,0.0,6.281469635552585,0.631311451913285,-0.3354747474747474,2.17256414998908,0.21835091268155124,-0.15368686868686843,5.469663050772956,0.5497218202752889,0.21939393939393942,2.18685840690891,0.2197875395560972,-0.030564,0.15085537684768105,0.01516153583670985,-0.3003316767676769,8.882523104038055,0.8927271614471882
R:C:GLY:182,0.0,2.8832923476760257,0.28978178418619177,-0.029585858585858615,1.0189973010969624,0.10241308212495247,-0.04852525252525341,4.207219107499433,0.4228414300118042,0.058040404040404066,2.389570315138417,0.24016085289349817,-0.0027360727272727264,0.08938545169672063,0.008983575908922993,-0.022806779797980924,5.724548797091705,0.5753388016373798
R:C:GLU:183,0.0,4.4671027649633945,0.4489607203437196,-0.08801010101010098,1.390736879959198,0.13977431554346054,0.1585656565656559,28.35536759277322,2.849821669631266,0.056868686868686895,28.569182636614443,2.8713108900844397,-0.01536021818181818,0.1490729442814906,0.014982394623492755,0.112064024242423,40.52328277386057,4.072743158617209
R:C:LEU:229,0.0,4.482747927730612,0.45053311836441345,-0.7005757575757574,1.526256227917787,0.15339452248322585,0.028585858585859,3.253861574342892,0.3270253927833481,0.0194848484848485,1.1695788274455106,0.11754709495092669,-0.11922959999999999,0.10668030982511942,0.010721774551781388,-0.7717346505050494,5.864417918594251,0.5893961772670941
R:C:VAL:237,0.0,4.615070950967166,0.4638320825826294,-0.0584747474747476,1.2974095728939075,0.13039456826376802,-0.002111111111111,2.9124763407563963,0.2927148858507953,-0.012686868686868694,0.7296937872566148,0.07333698497526085,0.0,0.06033329927423478,0.006063724728995713,-0.07327272727272711,5.656921693635657,0.5685420220064022
R:C:LEU:238,0.0,4.411682416899112,0.4433907657897764,-0.09156565656565642,1.3324881307960594,0.1339200959834103,-0.021282828282828993,3.100002696892825,0.31156199377828303,0.022727272727272735,1.4426694784879868,0.14499373808007132,-3.5999999999999994e-05,0.002101375180744251,0.0002111961520695134,-0.09015721212121194,5.738447762851066,0.5767357002554948
R:C:THR:239,0.0,5.487907158536507,0.5515554220960922,-1.3347777777777778,1.3834402340305771,0.13904097503517843,-0.3428383838383835,4.814317095625814,0.48385707357528435,0.5816868686868687,1.8971026064926666,0.19066598589519465,-0.1821296727272727,0.07244988130358213,0.007281487042114142,-1.2780589656565655,7.668958745745602,0.7707593543137188
R:C:ASP:240,0.0,15.975809117010915,1.6056292291958851,-1.056111111111111,1.401716783457495,0.1408778373658291,0.07716161616161651,35.72996512346904,3.590996608697917,0.8833131313131315,31.901065255631142,3.2061776928961083,-0.2178729454545454,0.20924435867411137,0.021029849309714386,-0.3135093090909095,50.51280473557357,5.076727891405604
R:C:PHE:241,0.0,3.792530469233608,0.381163653710254,-0.3045656565656567,1.3573113266849244,0.1364149210397999,-0.019444444444443553,3.7415599650880598,0.37604092529734373,0.16941414141414146,2.72725066571698,0.27409900507364254,-0.01759810909090909,0.06603462176773585,0.006636729199291365,-0.17219406868686757,6.137353593764007,0.6168272447349852
R:C:LEU:243,0.0,6.553185655455977,0.6586199394147483,-0.05994949494949498,1.8974411802065534,0.19070001383376553,-0.07460606060605991,6.459214393576475,0.6491754722410956,0.08183838383838388,2.751398492647016,0.2765259529957446,-0.00036574545454545493,0.2642385337783438,0.026556971869588414,-0.05308291717171627,9.793160445815063,0.9842496578944903
R:C:CYS:244,0.0,4.628670288443374,0.46519886742523553,-0.663929292929293,1.267481543098638,0.12738668809572298,-0.2634646464646473,5.433796949935962,0.546117141512581,0.5047171717171717,3.385426968071728,0.3402482123710428,-0.1272634909090909,0.13033270866958813,0.013098930077809823,-0.5499402585858594,8.002209055344906,0.8042522706231328
R:C:LYS:245,0.0,5.590319476104545,0.5618482472865135,0.5651818181818181,2.1835012506664784,0.21945013265855948,-8.093818181818182,36.22630361478314,3.6408805039918546,5.8210606060606045,33.952014362248995,3.412305833828412,-0.043726545454545455,0.43174338540978424,0.043391842882486556,-1.7513023030303034,50.01289938358137,5.026485513125341
L:E:UNL:377,0.0,5.990651509545988,0.6020831305133401,-13.485757575757578,4.383782265199619,0.44058669503883047,-9.451343434343434,7.701298490935477,0.7740096209988858,14.037474747474748,4.687806596354854,0.47114228999582053,-2.8640213090909086,0.6491591165200644,0.06524294602229258,-11.763647571717168,11.696682826655536,1.1755608553881824

Sidechain Energy Decomposition:
Residue,Internal,,,van der Waals,,,Electrostatic,,,Polar Solvation,,,Non-Polar Solv.,,,TOTAL,,
,Avg.,Std. Dev.,Std. Err. of Mean,Avg.,Std. Dev.,Std. Err. of Mean,Avg.,Std. Dev.,Std. Err. of Mean,Avg.,Std. Dev.,Std. Err. of Mean,Avg.,Std. Dev.,Std. Err. of Mean,Avg.,Std. Dev.,Std. Err. of Mean
R:A:ILE:104,0.0,3.4845141410099156,0.35020684795204354,-0.7750000000000001,2.240538217739777,0.2251825635361954,-0.07430303030303032,2.545968522503732,0.2558794641575875,0.081010101010101,1.719323225943822,0.17279848587269997,-0.14494130909090908,0.3726083579338969,0.03744854900052062,-0.9132342383838384,5.170949174503894,0.519699946115982
R:A:GLY:105,0.0,0.32375349713233653,0.03253845074404131,-0.014272727272727274,0.12816542627477456,0.012881110001496504,-0.12452525252525254,1.8607802018223238,0.1870154468717104,0.16748484848484851,1.7749019285107102,0.17838435565297664,-0.0408282909090909,0.05864154950979512,0.00589369748027394,-0.0121414222222222,2.595662025389956,0.2608738491149223
R:A:LYS:106,0.0,3.697908997801987,0.37165383801782914,-0.04910101010101007,0.7798294910417658,0.07837581279513196,-0.17746464646464605,39.640520549528716,3.9840222168836243,0.2556060606060596,38.89226364711069,3.9088195686377403,-0.004937018181818177,0.24308279153206253,0.02443073977284946,0.02410338585858515,55.662561882010415,5.5942979585626444
R:A:GLY:107,0.0,0.4321124219335362,0.043428932448644805,-0.00485858585858586,0.1772108902479966,0.017810364597498653,0.0318080808080808,5.543722036406321,0.557165028387416,-0.019818181818181832,5.158919793757667,0.518490947861571,-0.003655490909090909,0.08029855953624182,0.008070308884476626,0.0034758222222221855,7.587613601049875,0.7625838596630249
R:B:VAL:112,0.0,2.721635852216493,0.2735346950842808,-1.229070707070707,1.4477152551006138,0.14550085771037538,-0.09754545454545453,2.179249538994756,0.21902281955759345,0.1476464646464646,1.8577849070166061,0.18671440841695083,-0.17918872727272728,0.16233321424281183,0.01631510189866012,-1.3581584242424243,4.210703807953629,0.42319165558493604
R:B:ALA:125,0.0,1.2187309900044994,0.12248707315828186,-0.3167575757575758,0.6622384945708458,0.06655747297640324,-0.005313131313131304,0.33039831974271183,0.03320628054395297,0.013141414141414141,0.14303540551875646,0.014375599146728644,-0.04046690909090909,0.12250919993799622,0.012312637865483773,-0.349396202020202,1.438226592258319,0.14454721121310027
R:B:VAL:126,0.0,2.8333967622133702,0.2847670891657451,-0.020272727272727276,1.189093388177552,0.11950838209931411,-0.008191919191918993,1.4293702114238946,0.1436571114486069,-0.0027575757575757365,1.1524890641367496,0.11582950911301328,0.0,0.12982993174616508,0.013048399095741839,-0.03122222222222193,3.5819361179907703,0.35999812504235074
R:B:LYS:127,0.0,3.967854326912212,0.3987843643986661,-0.7882424242424244,1.726147017010501,0.173484302679244,1.896323232323232,26.51126099161205,2.6644819826776547,-0.9110303030303022,24.172442241709522,2.429421854008723,-0.08994872727272726,0.25228254854746485,0.02535535014201702,0.10710177777777785,36.137805982964515,3.631986157337994
R:C:LEU:151,0.0,3.321246923064731,0.33379787514933573,-0.14128282828282826,1.636839599254111,0.1645085694764116,0.024626262626262756,2.006951261334186,0.20170619110230306,-0.013383838383838354,1.6967477819666104,0.1705295683833636,-0.006418254545454545,0.2744503719615564,0.027583300223332077,-0.13645865858585896,4.548851987623101,0.45717682635782453
R:C:ASN:153,0.0,3.5260728691539835,0.35438365728593013,-0.057545454545454545,1.2724356715010612,0.1278845967343315,0.049747474747474756,4.645750735559248,0.4669155169505344,-0.04734343434343429,2.918972222518241,0.29336774653220593,-0.002148436363636364,0.12479206194788443,0.012542074130179402,-0.05728985050504909,6.646145816050061,0.6679627870857107
R:C:LEU:159,0.0,3.0300787485351353,0.304534372549112,-0.023171717171717142,0.8921504542491917,0.08966449434211213,-0.02154545454545467,1.3934542383648256,0.14004742033898737,0.02296969696969696,1.1763205571866333,0.1182246642839353,-7.723636363636365e-05,0.040573969373022586,0.00407783735350568,-0.021824711111111228,3.647519797068789,0.36658953279607404
R:C:VAL:160,0.0,2.868345197607053,0.28827953908122456,-0.6366666666666666,0.9384194948157133,0.0943147078866238,-0.033262626262626264,2.4067669399750367,0.24188917871906102,0.013474747474747476,2.1028445048870106,0.21134382470214808,-0.06482719999999999,0.06577025842319524,0.0066101596834681935,-0.7212817454545457,4.3962305629788085,0.44183779603919976
R:C:GLY:161,0.0,0.2630278949136456,0.026435298085623997,-0.0025151515151515132,0.11564582279955742,0.011622842509032116,-0.01616161616161616,1.5714014975373436,0.1579317927979986,0.02821212121212121,1.4829330066506914,0.14904037491799854,0.0,0.03598243057272983,0.003616370341053267,0.00953535353535354,2.1799645258169402,0.21909467843696417
R:C:LEU:162,0.0,3.3305293775771747,0.3347307969296787,-0.3499595959595959,1.2700402022354875,0.12764384301461223,-0.04974747474747481,1.881335879301153,0.18908137019015994,0.04701010101010104,1.5835167530574312,0.15914942179192018,-0.038105090909090915,0.09732575523439035,0.009781606440922451,-0.39080206060606054,4.331495163426862,0.4353316435856377
R:C:LEU:176,0.0,4.064948370668236,0.40854268295978974,-1.1521616161616162,1.5534147934331954,0.1561240610183439,-0.027808080808080837,2.095616182308368,0.2106173509489053,0.08195959595959593,1.7156347412105073,0.1724277792089012,-0.16243170909090912,0.18265744295940084,0.018357763741275037,-1.2604418101010098,5.128866957421011,0.5154705241641575
R:C:ASP:177,0.0,5.18289897658143,0.5209009464132607,-0.042111111111111134,0.8407978888465331,0.08450336732808775,-0.14592929292929346,22.711609060853604,2.282602595154163,0.1695252525252527,25.97599948632074,2.6106861772906216,-9.672727272726742e-06,0.1827231828752032,0.01836437085141037,-0.018524824242424222,34.902328089961,3.5078159570994636
R:C:TYR:178,0.0,3.5530692710921166,0.3570968977683062,-0.22978787878787882,2.481579815351751,0.24940815560124827,-0.14001010101010106,2.400351785555387,0.2412444314408135,0.21689898989898992,1.8881117592739636,0.18976237175059318,-0.03555490909090909,0.4210041353604636,0.042312507641777394,-0.18845389898989895,5.3184996772641115,0.5345293296094348
R:C:ILE:179,0.0,4.027351633756384,0.40476406872711346,-0.23424242424242422,1.7287808987190776,0.1737490177510479,0.004373737373737368,2.6654921468004042,0.26789204038108655,-0.008353535353535349,1.6025782598268028,0.16106517530382397,-0.023930909090909086,0.1320217740288283,0.013268687533657899,-0.26215313131313145,5.375758531597007,0.5402840609957326
R:C:GLY:182,0.0,0.3634021827309672,0.036523293579236026,-0.0008989898989898996,0.22755865739822329,0.02287050558748299,-0.010989898989898984,1.62820782523952,0.16364104354666803,0.013727272727272734,1.552793056560467,0.1560615741115206,-0.00010618181818181798,0.041670462639021445,0.004188039073156274,0.0017322020202020468,2.2908093580873703,0.23023500324274887
R:C:GLU:183,0.0,3.2728901955955165,0.3289378411764613,-0.06968686868686869,0.8967988898020155,0.09013167969335045,0.1585959595959598,26.734937926951755,2.686962360519424,0.04703030303030312,26.644013162665733,2.677824077874326,-0.015311999999999994,0.14779277648390382,0.014853732918847576,0.12062739393939395,37.89720628959639,3.8088125413723626
R:C:LEU:229,0.0,2.9814204046087576,0.29964402498172216,-0.6683131313131313,1.066966049679299,0.10723412275254346,0.013252525252525292,1.8454651101299278,0.1854762222422084,0.03031313131313133,1.4919824200302831,0.1499498751832388,-0.11922967272727271,0.10674312036225911,0.010728087248283601,-0.7439771474747475,3.958589557950743,0.3978532200830745
R:C:VAL:237,0.0,2.9237101740631224,0.29384392857915315,-0.0371010101010101,0.8679068915563343,0.08722792461381922,-0.008848484848484852,1.828673382471908,0.183788590114224,0.005838383838383846,1.606299487158185,0.16143917272254552,0.0,0.0602634798003205,0.006056707607843177,-0.0401111111111111,3.9024632763851517,0.39221231654274397
R:C:LEU:238,0.0,3.268003591480773,0.3284467189841095,-0.016080808080808105,0.8544925187176505,0.08587972941673289,-0.022484848484848555,1.5396395508482068,0.15473959704711562,0.027414141414141415,1.295463775815266,0.13019900829928246,0.0,0.0018907362494432376,0.00019002614293718283,-0.011151515151514696,3.931758493898734,0.3951565966834834
R:C:THR:239,0.0,3.2005620317452177,0.32166858719867986,-1.0132929292929294,1.035004418892907,0.10402185799477577,-0.15693939393939363,3.8399985546487008,0.3859343757962662,0.3375959595959597,1.6667711723587073,0.1675168057604431,-0.1806905454545454,0.07168141572509837,0.007204253345504019,-1.013326909090909,5.370631688381489,0.5397687938652825
R:C:ASP:240,0.0,7.3960676166585095,0.7433327638955877,-0.5819797979797979,0.9110526771335413,0.09156423922123506,0.17266666666666627,30.565913429525494,3.0719898854612513,0.6074545454545456,28.986303459642173,2.913233110151931,-0.14909803636363636,0.18723693615774328,0.018818020125180687,0.04904337777777848,42.77905729298706,4.299457028059238
R:C:PHE:241,0.0,3.069351377503693,0.30848142027091646,-0.24291919191919198,1.0460277867240997,0.10512974814696183,0.03745454545454546,0.8401542272698678,0.08443867690560994,0.0373030303030303,0.531622694893228,0.05343009118177046,-0.017289527272727274,0.05890782980611981,0.005920459657000415,-0.18545114343434335,3.3922034073622664,0.3409292701450227
R:C:LEU:243,0.0,3.8634444843619224,0.38829078039383597,-0.01643434343434344,1.259079713896754,0.12654227248919875,-0.0179999999999999,2.4274409594616873,0.24396699585680998,0.019121212121212115,1.4218811380052987,0.14290443124991276,-0.00011585454545454541,0.2146734593837636,0.021575494461319497,-0.015428985858585445,4.946896530769995,0.49718180815984514
R:C:CYS:244,0.0,2.1459408051933635,0.21567516585271326,-0.35960606060606065,0.7210392228312803,0.07246716852305501,-0.14139393939393938,2.096050625308155,0.21066101411324134,0.18702020202020206,1.1366676844868238,0.11423940062923847,-0.11020021818181817,0.11005657338625124,0.01106110180710331,-0.4241800161616161,3.2897588966992624,0.3306332094268183
R:C:LYS:245,0.0,4.083745894264923,0.41043190516457956,-0.08163636363636365,1.705514777317213,0.17141068456871933,0.5431717171717171,25.315826039330968,2.5443362494051467,-0.5244848484848484,23.814768721665168,2.393474312692578,-0.0007174545454545436,0.3281494560158509,0.03298026123526697,-0.06366694949494939,35.03894548313528,3.521546521735692
L:E:UNL:377,0.0,5.990651509545988,0.6020831305133401,-13.485757575757578,4.383782265199619,0.44058669503883047,-9.451343434343434,7.701298490935477,0.7740096209988858,14.037474747474748,4.687806596354854,0.47114228999582053,-2.8640213090909086,0.6491591165200644,0.06524294602229258,-11.763647571717168,11.696682826655536,1.1755608553881824

Backbone Energy Decomposition:
Residue,Internal,,,van der Waals,,,Electrostatic,,,Polar Solvation,,,Non-Polar Solv.,,,TOTAL,,
,Avg.,Std. Dev.,Std. Err. of Mean,Avg.,Std. Dev.,Std. Err. of Mean,Avg.,Std. Dev.,Std. Err. of Mean,Avg.,Std. Dev.,Std. Err. of Mean,Avg.,Std. Dev.,Std. Err. of Mean,Avg.,Std. Dev.,Std. Err. of Mean
R:A:ILE:104,0.0,2.636856983059041,0.2650140981404656,-0.276070707070707,0.9590736509423264,0.09639052868157519,-0.03361616161616186,3.5578736940673474,0.35757976044536693,0.36306060606060603,2.8066917354979397,0.2820831329950936,-0.05640632727272727,0.07867508520025533,0.0079071435744997,-0.0030325898989905595,5.330573187483614,0.5357427630427866
R:A:GLY:105,0.0,2.6577833604303627,0.26711727819992187,-0.3013636363636364,1.1978934187094823,0.12039281844531667,-0.0010808080808086481,5.489040391335491,0.5516693162777393,0.0866363636363636,4.949163584537449,0.4974096556363969,-0.006736072727272727,0.09063891338022409,0.009109553548112938,-0.22254415353535345,7.945486835330533,0.798551473015143
R:A:LYS:106,0.0,3.2067066169213936,0.32228614124479366,-0.16785858585858587,1.0758237573420402,0.10812435586830008,-0.09813131313131288,4.646558540772871,0.46699670442923985,0.19862626262626265,3.4460370886816842,0.3463397586910856,-0.0366432,0.1383092202525585,0.013900599655283659,-0.10400683636363606,6.702624218444213,0.6736390801008656
R:A:GLY:107,0.0,3.5945603372826382,0.3612669068199959,-0.1042424242424242,1.7339364255367857,0.17426716769198586,-0.5069595959595956,69.67628345248069,7.002729969646278,0.565171717171717,68.27863403406813,6.862260917848312,-0.004329381818181816,0.36678516611523315,0.03686329620219411,-0.050359684848484076,97.63615248571037,9.812802538455363
R:B:VAL:112,0.0,2.876265529179724,0.28907556235521714,-0.15353535353535355,1.3274937474140993,0.13341814156713308,0.05881818181818132,5.297499183369087,0.5324187005590728,-0.12173737373737373,3.6632346884711167,0.36816893880827717,-4.8072727272727464e-05,0.11056822388167302,0.01111252461671281,-0.216502618181819,7.178450693326353,0.7214614401766695
R:B:ALA:125,0.0,3.57031868714871,0.35883052931110776,-0.1421212121212121,1.4715135404003852,0.14789267537683515,-0.05552525252525238,3.1362395450329017,0.3152039340469413,0.04177777777777777,1.9008524179174409,0.19104285612339356,0.0,0.09154987890026882,0.009201109027717161,-0.15586868686868705,5.326363431671028,0.535319666664321
R:B:VAL:126,0.0,2.848643955224015,0.28629948972097047,-0.09407070707070705,1.2495240921615531,0.12558189636997977,0.047242424242424884,2.9105546239432187,0.292521746044049,-0.04736363636363642,1.6607627701991958,0.16691293862248366,0.0,0.02456014061111389,0.0024683870062252953,-0.09419191919191963,4.57232405225945,0.4595358576139985
R:B:LYS:127,0.0,3.174717756620357,0.319071139817835,-0.09058585858585862,1.19701306949506,0.12030434002020385,-0.0020707070707067666,3.294844870605437,0.33114436903713096,0.04211111111111109,1.876291539725831,0.18857439498753925,0.0,0.08508907839597102,0.008551774145350653,-0.05054545454545427,5.088750921140329,0.5114387108181179
R:C:LEU:151,0.0,3.381651985042826,0.339868812301442,-0.052919191919191956,0.9845897816133078,0.09895499630391837,-0.019393939393939984,5.484712016216207,0.5512342982103885,0.06258585858585863,4.873375616154889,0.4897926782197826,-0.0002642181818181816,0.10624279671540439,0.010677802829787862,-0.009991490909091676,8.139295455677651,0.81802997225235
R:C:ASN:153,0.0,3.7960575646019987,0.38151814013257984,-0.02888888888888892,0.8239350991723796,0.08280859319875906,-0.08176767676767761,4.398003134638326,0.44201594619400697,0.0835959595959596,2.1348911663630727,0.21456463536577336,0.0,0.07106789117969235,0.007142591808631743,-0.027060606060606614,6.244530774292062,0.627598956671341
R:C:LEU:159,0.0,3.503363832816574,0.3521013132592109,-0.028161616161616127,0.7622840062824733,0.07661242522811765,-0.02049494949495075,2.9492368456323668,0.2964094556016324,0.004858585858585823,1.855032682140948,0.18643779940933747,0.0,0.03167956823146791,0.0031839164043709653,-0.04379797979798177,4.999478259759834,0.5024664707624951
R:C:VAL:160,0.0,2.920868038958641,0.2935582832535452,-0.22311111111111112,0.7119652029124367,0.0715551952075697,0.09926262626262668,3.0697373974357127,0.30852021673382884,0.0748888888888889,2.3554769721545514,0.23673434299875942,-0.009608145454545452,0.027069306293315352,0.00272056764576161,-0.05856774141414079,4.900067015263894,0.49247526476445525
R:C:GLY:161,0.0,2.850675667996222,0.2865036845375518,-0.1653131313131313,0.8374556469546692,0.08416745937918108,-0.05565656565656542,3.547224935061844,0.3565095198967556,0.140989898989899,2.214874338437251,0.22260324661766676,-0.003300363636363636,0.026934115010122616,0.0027069804105713984,-0.08328016161616161,5.129998269616249,0.5155842253178653
R:C:LEU:162,0.0,3.520222416589463,0.35379566467955775,-0.06429292929292929,1.219794046537266,0.12259391435980076,0.023010101010100783,5.81905722530097,0.5848372560584819,0.025191919191919206,4.970757505322168,0.4995799263332323,-8.705454545454565e-05,0.09015343094858705,0.009060760727869016,-0.016177963636364416,8.512217583414007,0.8555100563045464
R:C:LEU:176,0.0,2.983281233075564,0.2998310452794073,-0.11141414141414142,1.0397032701252762,0.1044941103124566,0.018707070707070603,3.708074351903555,0.3726754945455868,0.020848484848484845,2.467483517863383,0.24799142439815294,0.0,0.05223222882990447,0.005249536514932642,-0.07185858585858584,5.460949397442812,0.5488460651647035
R:C:ASP:177,0.0,5.603492818644014,0.5631722180270664,0.07028282828282825,0.8647548554972743,0.08691113307037762,-1.6055454545454557,6.352333162683905,0.6384335043622473,0.8610404040404039,5.862230381763631,0.5891763215433896,-0.01237701818181818,0.033085858535014744,0.0033252538978006574,-0.6865992404040421,10.337596870711412,1.0389675773970264
R:C:TYR:178,0.0,3.1896642947547544,0.32057332342106337,-0.1087171717171717,0.7564819227847094,0.07602929389586323,-0.15870707070707074,3.783225770218594,0.3802284962732846,0.12420202020202015,2.962101832344226,0.297702435415455,-0.005480727272727274,0.053104498724995584,0.005337202937900518,-0.1487029494949503,5.816862366786868,0.5846166644779004
R:C:ILE:179,0.0,3.8821351474584613,0.3901692627142651,-0.10114141414141413,0.8390714901697911,0.08432985773265383,-0.1579696969696967,5.011638469295624,0.5036886178049896,0.22780808080808082,3.2395018343696296,0.32558218461430627,-0.0066327999999999995,0.04504487970430754,0.004527180748663128,-0.03793583030302912,7.1685378977685295,0.7204651667376147
R:C:GLY:182,0.0,2.747297648629705,0.27611380266455693,-0.028767676767676765,1.041768485210548,0.1047016722381908,-0.03750505050505102,3.93590390798616,0.39557322647526055,0.04431313131313135,2.3099011664209343,0.23215380217644016,-0.002629963636363636,0.08883248918721141,0.008928001085675255,-0.024589559595960295,5.428425197938433,0.5455772601234098
R:C:GLU:183,0.0,2.8513319684825125,0.2865696452182413,-0.01829292929292929,1.064186794562425,0.10695479710347236,0.00011111111111006267,3.383053969868731,0.34000971707808736,0.009787878787878788,2.659832418142691,0.2673232162485757,-4.8290909090909004e-05,0.020138488818435406,0.0020239942804702394,-0.00844223030303041,5.2709349969991734,0.5297488993757371
R:C:LEU:229,0.0,2.9275713602890594,0.2942319923960356,-0.03228282828282834,0.9650014470861055,0.09698629461013976,0.015303030303030596,2.642313544000733,0.26556250314923224,-0.010757575757575752,1.2818887572009434,0.12883466759425827,0.0,0.0011008668440208665,0.00011064128078060355,-0.027737373737372728,4.257577095604813,0.42790259824643234
R:C:VAL:237,0.0,3.1130907223410578,0.3128773898285379,-0.021464646464646457,0.9308698014690409,0.09355593515592213,0.006606060606060282,3.004163255692061,0.30192976751827505,-0.018545454545454552,1.8151647851434243,0.18243092499960042,0.0,0.0003095272727272728,3.110866139449606e-05,-0.03340404040404021,4.783061006583044,0.4807157184307751
R:C:LEU:238,0.0,2.3068009187016125,0.2318422155569812,-0.07542424242424242,0.9017560900341522,0.09062989706246137,0.0013333333333330967,2.664587708628444,0.26780114092464813,-0.004747474747474756,1.5241363580717189,0.15318146754735326,-3.5999999999999994e-05,0.0009587296994952307,9.635596026048076e-05,-0.07887438383838363,3.944301552692038,0.3964172215241124
R:C:THR:239,0.0,3.0800950421085367,0.30956119919114944,-0.3215454545454545,1.0729779923484337,0.10783834572510854,-0.18604040404040395,2.496181515628094,0.2508756816957288,0.24413131313131314,1.3683755539944864,0.13752691772407327,-0.0014390545454545454,0.002899864093025142,0.00029144730726026255,-0.2648935999999997,4.329162674863409,0.4350972196646447
R:C:ASP:240,0.0,8.916891623021588,0.8961813275704786,-0.4742020202020202,0.7882337846963948,0.07922047608847649,-0.09553535353535395,7.441447790932966,0.7478936430164759,0.2756868686868686,3.866108905445951,0.38855856478835826,-0.06877454545454545,0.07277585920975682,0.007314249054378601,-0.362825050505051,12.26619371833344,1.2327988536220111
R:C:PHE:241,0.0,2.1691364781193654,0.21800641869681486,-0.0615858585858586,0.7703306364544117,0.07742114198893803,-0.056787878787879074,3.8110406073092618,0.3830239925834241,0.13215151515151513,2.819431746274562,0.28336355225482507,-0.0003090181818181819,0.02856862072342675,0.002871254415684187,0.013468759595959754,5.269971954263073,0.5296521099389879
R:C:LEU:243,0.0,4.003451813245348,0.4023620463879635,-0.04349494949494954,1.0550808713734938,0.1060396173887002,-0.05658585858585834,5.5203421077902535,0.554815257149695,0.06268686868686865,3.3503481124571883,0.33672265473017976,-0.00024981818181818183,0.0869580231249595,0.008739610158076934,-0.03764375757575677,7.671205461046465,0.7709851576974676
R:C:CYS:244,0.0,3.841914029790993,0.3861268882914855,-0.3044141414141414,0.7700157398179541,0.07738949368618425,-0.12213131313131265,4.0981021056433855,0.4118747586965005,0.31767676767676756,3.3826152739292183,0.3399656264772263,-0.017064436363636366,0.05539595978111946,0.005567503439260348,-0.1259331232323231,6.602486147197154,0.663574825265824
R:C:LYS:245,0.0,4.369008372171713,0.4391018629216665,0.6468181818181817,1.4382928598795632,0.14455387135962802,-8.636939393939395,48.42338071080672,4.866732875705425,6.345585858585859,46.77888788943392,4.701455128465228,-0.04300901818181819,0.16404806066348335,0.0164874504486738,-1.6875443717171734,67.48534643838653,6.782532514644704
L:E:UNL:377,0.0,0.0,0.0,0.0,0.0,0.0,0.0,0.0,0.0,0.0,0.0,0.0,0.0,0.0,0.0,0.0,0.0,0.0

idecomp = 1: Per-residue decomp adding 1-4 interactions to Internal.
Energy Decomposition Analysis (All units kcal/mol): Poisson Boltzmann model

DELTAS:
Total Energy Decomposition:
Residue,Internal,,,van der Waals,,,Electrostatic,,,Polar Solvation,,,Non-Polar Solv.,,,TOTAL,,
,Avg.,Std. Dev.,Std. Err. of Mean,Avg.,Std. Dev.,Std. Err. of Mean,Avg.,Std. Dev.,Std. Err. of Mean,Avg.,Std. Dev.,Std. Err. of Mean,Avg.,Std. Dev.,Std. Err. of Mean,Avg.,Std. Dev.,Std. Err. of Mean
R:A:ILE:104,0.0,4.690393714717489,0.47140230517452053,-1.0511313131313131,2.8719164847321017,0.2886384669422068,-0.10788888888888878,3.8558490672728385,0.3875274122541164,0.7290707070707071,1.8336079699684673,0.18428453481789875,0.0,0.0,0.0,-0.4299494949494951,6.9625704816151055,0.6997646625430726
R:A:GLY:105,0.0,2.679982689419886,0.269348394710707,-0.31559595959595965,1.224489420861551,0.12306581723507112,-0.12555555555555475,4.963130727895589,0.4988134063610046,0.3486969696969697,4.151732503096463,0.4172648164452729,0.0,0.0,0.0,-0.09245454545454396,7.10993888559115,0.7145757444201046
R:A:LYS:106,0.0,4.8191375440320385,0.4843415468687605,-0.21696969696969695,1.5843771942835905,0.15923589938892999,-0.2756262626262619,40.918258881906766,4.1124397510882424,0.5835252525252518,39.95081262527528,4.015207743873682,0.0,0.0,0.0,0.09092929292929237,57.41172072938297,5.770095037213108
R:A:GLY:107,0.0,3.6820469685466826,0.37005964409499625,-0.10911111111111109,1.804513299178917,0.18136041038129716,-0.47521212121212314,64.86207180585636,6.518883494094402,0.40635353535353547,63.309853169683635,6.362879651404034,0.0,0.0,0.0,-0.17796969696969683,90.73058803645254,9.118767197733987
R:B:VAL:112,0.0,4.145492043955865,0.41663762670318477,-1.3826060606060604,2.425042471393531,0.24372593873601545,-0.03876767676767635,4.438202744129678,0.44605615896375317,0.29284848484848486,2.826360811393333,0.28405994950170094,0.0,0.0,0.0,-1.1285252525252518,7.124036377556196,0.7159925956726231
R:B:ALA:125,0.0,3.7997932212735317,0.3818935877545514,-0.45893939393939387,1.901966498649088,0.19115482544984927,-0.060909090909091065,3.172847881705137,0.318883210317875,0.20718181818181816,2.3437262498881677,0.23555335097532704,0.0,0.0,0.0,-0.31266666666666787,5.797923895781608,0.5827132765255527
R:B:VAL:126,0.0,4.425102843735379,0.4447395694365132,-0.11445454545454549,2.1381932619065864,0.2148965084548564,0.03909090909090892,2.8570030857127664,0.28713961394535864,-0.01714141414141414,1.0552937439556995,0.10606101188819506,0.0,0.0,0.0,-0.09250505050505055,5.781826451970171,0.5810954225496022
R:B:LYS:127,0.0,5.356972895298155,0.5383960335093273,-0.8788181818181819,2.4275185185582138,0.24397479083930262,1.8943030303030308,28.212240914876595,2.8354368972654127,0.9810101010101008,25.887479658287695,2.601789599833276,0.0,0.0,0.0,1.9964949494949502,38.73863891847774,3.8933797024742356
R:C:LEU:151,0.0,5.2997164456069115,0.5326415437986087,-0.19417171717171716,2.250019966898901,0.2261355151821676,0.005383838383838325,4.692481579564656,0.47161214348697583,0.028474747474747552,4.132864575500705,0.415368518372342,0.0,0.0,0.0,-0.16031313131313066,8.499972778148312,0.8542794070712955
R:C:ASN:153,0.0,5.727483142234213,0.575633714420504,-0.08655555555555551,1.6286272644949988,0.16368319877796406,-0.032080808080806954,7.120129582937997,0.7155999480398489,0.08723232323232323,3.5069109441453326,0.3524578113612446,0.0,0.0,0.0,-0.031404040404039345,9.922255769694141,0.9972242261216512
R:C:LEU:159,0.0,5.054346643499415,0.5079809508145384,-0.051171717171717215,1.3462681104148184,0.1353050360444457,-0.04198989898989838,2.9959274812843835,0.30110204104650906,0.1337575757575758,1.9522194531835888,0.19620543741341678,0.0,0.0,0.0,0.04059595959596015,6.336055561962593,0.6367975439355864
R:C:VAL:160,0.0,4.220601323156175,0.4241863932905022,-0.8597474747474747,1.2957663597009925,0.1302294191240268,0.06592929292929316,3.0512322552841105,0.3066603799699181,0.365020202020202,1.5591041492437125,0.15669586279174735,0.0,0.0,0.0,-0.42879797979797957,5.588676946454817,0.5616831668454474
R:C:GLY:161,0.0,2.892472343221345,0.2907044084528874,-0.1677979797979798,0.8498086254731583,0.0854089804333977,-0.07188888888888836,3.421435148122627,0.3438671706320244,0.16047474747474744,1.73500272074006,0.17437433439213787,0.0,0.0,0.0,-0.07921212121211989,4.879039236367471,0.49036189346827375
R:C:LEU:162,0.0,5.104243979372369,0.5129958217578393,-0.41415151515151505,2.05454894117877,0.20648993791854386,-0.026585858585858563,5.635657052901333,0.5664048451998126,0.11623232323232327,5.279723117139166,0.5306321386823104,0.0,0.0,0.0,-0.32450505050505046,9.482119202173537,0.9529888366979915
R:C:LEU:176,0.0,5.678370699976032,0.5706977282535834,-1.2636363636363634,2.159730357007111,0.2170610679555425,-0.009121212121212252,3.29328909349937,0.3309880075547598,0.23118181818181818,1.6870419405372594,0.1695540946168229,0.0,0.0,0.0,-1.0415757575757578,7.1133812342526666,0.7149217134779178
R:C:ASP:177,0.0,10.222808247205696,1.0274308866585469,0.02823232323232323,1.3846539015578139,0.13916295321118094,-1.7513333333333332,25.615633596153632,2.574468042595872,1.190616161616161,30.36430719345724,3.051727696357184,0.0,0.0,0.0,-0.5324848484848492,41.04357331857534,4.125034325853225
R:C:TYR:178,0.0,5.199802645121195,0.5225998290231678,-0.33845454545454534,2.9133771547942313,0.29280542106804935,-0.29882828282828217,4.420894098106258,0.4443165745853058,0.6259595959595958,3.0939868518341376,0.3109573786008109,0.0,0.0,0.0,-0.011323232323232004,8.040072963616659,0.8080577365877946
R:C:ILE:179,0.0,6.281469635552585,0.631311451913285,-0.3354747474747474,2.17256414998908,0.21835091268155124,-0.15368686868686843,5.469663050772956,0.5497218202752889,0.25434343434343437,2.136733915519681,0.2147498386244162,0.0,0.0,0.0,-0.2348181818181819,8.869032725326358,0.8913713273724458
R:C:GLY:182,0.0,2.8832923476760257,0.28978178418619177,-0.029585858585858615,1.0189973010969624,0.10241308212495247,-0.04852525252525341,4.207219107499433,0.4228414300118042,0.04778787878787883,2.622945875734758,0.2636159792491622,0.0,0.0,0.0,-0.030323232323233487,5.8251410238167045,0.585448700815355
R:C:GLU:183,0.0,4.4671027649633945,0.4489607203437196,-0.08801010101010098,1.390736879959198,0.13977431554346054,0.1585656565656559,28.35536759277322,2.849821669631266,0.11522222222222192,28.15547013030585,2.8297312187358594,0.0,0.0,0.0,0.18577777777777624,40.23240641276459,4.043508984370564
R:C:LEU:229,0.0,4.482747927730612,0.45053311836441345,-0.7005757575757574,1.526256227917787,0.15339452248322585,0.028585858585859,3.253861574342892,0.3270253927833481,0.03224242424242424,1.191123142576599,0.11971238009198719,0.0,0.0,0.0,-0.6397474747474737,5.867782932470976,0.5897343738865922
R:C:VAL:237,0.0,4.615070950967166,0.4638320825826294,-0.0584747474747476,1.2974095728939075,0.13039456826376802,-0.002111111111111,2.9124763407563963,0.2927148858507953,0.041949494949494945,0.6642828405704142,0.06676293748010725,0.0,0.0,0.0,-0.018636363636363437,5.648534465685749,0.5676990738809167
R:C:LEU:238,0.0,4.411682416899112,0.4433907657897764,-0.09156565656565642,1.3324881307960594,0.1339200959834103,-0.021282828282828993,3.100002696892825,0.31156199377828303,-0.10323232323232324,1.144646465359561,0.11504129827891525,0.0,0.0,0.0,-0.21608080808080812,5.670864009804157,0.5699432775045665
R:C:THR:239,0.0,5.487907158536507,0.5515554220960922,-1.3347777777777778,1.3834402340305771,0.13904097503517843,-0.3428383838383835,4.814317095625814,0.48385707357528435,1.66110101010101,2.3539774252528725,0.2365836328645652,0.0,0.0,0.0,-0.01651515151515121,7.794221621027076,0.7833487469643168
R:C:ASP:240,0.0,15.975809117010915,1.6056292291958851,-1.056111111111111,1.401716783457495,0.1408778373658291,0.07716161616161651,35.72996512346904,3.590996608697917,1.47249494949495,32.233914429029845,3.2396302935004546,0.0,0.0,0.0,0.4935454545454556,50.72323859954654,5.097877290495999
R:C:PHE:241,0.0,3.792530469233608,0.381163653710254,-0.3045656565656567,1.3573113266849244,0.1364149210397999,-0.019444444444443553,3.7415599650880598,0.37604092529734373,0.16754545454545458,2.2934197332031587,0.23049735581308678,0.0,0.0,0.0,-0.1564646464646453,5.956897383924613,0.5986907132462909
R:C:LEU:243,0.0,6.553185655455977,0.6586199394147483,-0.05994949494949498,1.8974411802065534,0.19070001383376553,-0.07460606060605991,6.459214393576475,0.6491754722410956,0.1142727272727273,3.102423512292864,0.3118052948803631,0.0,0.0,0.0,-0.020282828282827483,9.89398845254181,0.9943832538542494
R:C:CYS:244,0.0,4.628670288443374,0.46519886742523553,-0.663929292929293,1.267481543098638,0.12738668809572298,-0.2634646464646473,5.433796949935962,0.546117141512581,0.8212929292929294,3.4708848123899907,0.34883704888608164,0.0,0.0,0.0,-0.10610101010101065,8.037679315276707,0.8078171658779861
R:C:LYS:245,0.0,5.590319476104545,0.5618482472865135,0.5651818181818181,2.1835012506664784,0.21945013265855948,-8.093818181818182,36.22630361478314,3.6408805039918546,5.0646969696969695,33.86028318658555,3.403086503790417,0.0,0.0,0.0,-2.4639393939393925,49.948805797764514,5.020043865379192
L:E:UNL:377,0.0,5.990651509545988,0.6020831305133401,-13.485757575757578,4.383782265199619,0.44058669503883047,-9.451343434343434,7.701298490935477,0.7740096209988858,13.742646464646464,4.61850068497169,0.46417678381971217,0.0,0.0,0.0,-9.194454545454546,11.65100851776675,1.1709704146262765

Sidechain Energy Decomposition:
Residue,Internal,,,van der Waals,,,Electrostatic,,,Polar Solvation,,,Non-Polar Solv.,,,TOTAL,,
,Avg.,Std. Dev.,Std. Err. of Mean,Avg.,Std. Dev.,Std. Err. of Mean,Avg.,Std. Dev.,Std. Err. of Mean,Avg.,Std. Dev.,Std. Err. of Mean,Avg.,Std. Dev.,Std. Err. of Mean,Avg.,Std. Dev.,Std. Err. of Mean
R:A:ILE:104,0.0,3.4845141410099156,0.35020684795204354,-0.7750000000000001,2.240538217739777,0.2251825635361954,-0.07430303030303032,2.545968522503732,0.2558794641575875,0.10726262626262625,1.7003657151173137,0.17089318434631728,0.0,0.0,0.0,-0.7420404040404042,5.15121826238967,0.5177169148355468
R:A:GLY:105,0.0,0.32375349713233653,0.03253845074404131,-0.014272727272727274,0.12816542627477456,0.012881110001496504,-0.12452525252525254,1.8607802018223238,0.1870154468717104,0.2369090909090909,1.751754086145867,0.17605790996114398,0.0,0.0,0.0,0.09811111111111112,2.5792223714174556,0.25922160172370834
R:A:LYS:106,0.0,3.697908997801987,0.37165383801782914,-0.04910101010101007,0.7798294910417658,0.07837581279513196,-0.17746464646464605,39.640520549528716,3.9840222168836243,0.17030303030302937,38.380828176815186,3.8574183698665543,0.0,0.0,0.0,-0.05626262626262691,55.305890336988,5.558451119525198
R:A:GLY:107,0.0,0.4321124219335362,0.043428932448644805,-0.00485858585858586,0.1772108902479966,0.017810364597498653,0.0318080808080808,5.543722036406321,0.557165028387416,0.008787878787878713,5.08239140512197,0.5107995554095982,0.0,0.0,0.0,0.03573737373737366,7.535362052125066,0.757332381405495
R:B:VAL:112,0.0,2.721635852216493,0.2735346950842808,-1.229070707070707,1.4477152551006138,0.14550085771037538,-0.09754545454545453,2.179249538994756,0.21902281955759345,0.34342424242424235,1.8227951800858007,0.18319780854584553,0.0,0.0,0.0,-0.9831919191919191,4.192241881580083,0.42133616217014147
R:B:ALA:125,0.0,1.2187309900044994,0.12248707315828186,-0.3167575757575758,0.6622384945708458,0.06655747297640324,-0.005313131313131304,0.33039831974271183,0.03320628054395297,0.04046464646464647,0.13496313289219963,0.013564305222251502,0.0,0.0,0.0,-0.28160606060606064,1.4322161661626682,0.14394314066190528
R:B:VAL:126,0.0,2.8333967622133702,0.2847670891657451,-0.020272727272727276,1.189093388177552,0.11950838209931411,-0.008191919191918993,1.4293702114238946,0.1436571114486069,0.10653535353535352,1.1314710215398494,0.11371711635175191,0.0,0.0,0.0,0.07807070707070737,3.5728708585420774,0.35908703218724347
R:B:LYS:127,0.0,3.967854326912212,0.3987843643986661,-0.7882424242424244,1.726147017010501,0.173484302679244,1.896323232323232,26.51126099161205,2.6644819826776547,1.045808080808081,24.40965978744652,2.4532631143995896,0.0,0.0,0.0,2.153888888888888,36.29603148814185,3.6478884189421654
R:C:LEU:151,0.0,3.321246923064731,0.33379787514933573,-0.14128282828282826,1.636839599254111,0.1645085694764116,0.024626262626262756,2.006951261334186,0.20170619110230306,0.004131313131313171,1.6946441542427821,0.1703181458421961,0.0,0.0,0.0,-0.11252525252525283,4.53977941892923,0.4562649988959369
R:C:ASN:153,0.0,3.5260728691539835,0.35438365728593013,-0.057545454545454545,1.2724356715010612,0.1278845967343315,0.049747474747474756,4.645750735559248,0.4669155169505344,-0.03682828282828275,3.0950707589912936,0.3110663153689281,0.0,0.0,0.0,-0.0446262626262624,6.724191052967219,0.6758066285259715
R:C:LEU:159,0.0,3.0300787485351353,0.304534372549112,-0.023171717171717142,0.8921504542491917,0.08966449434211213,-0.02154545454545467,1.3934542383648256,0.14004742033898737,0.03788888888888889,1.1475742619389064,0.11533555290667813,0.0,0.0,0.0,-0.00682828282828283,3.6381246620233907,0.3656452861960648
R:C:VAL:160,0.0,2.868345197607053,0.28827953908122456,-0.6366666666666666,0.9384194948157133,0.0943147078866238,-0.033262626262626264,2.4067669399750367,0.24188917871906102,0.14272727272727273,2.0856652526637056,0.2096172448899183,0.0,0.0,0.0,-0.5272020202020204,4.387546235700676,0.4409649883077388
R:C:GLY:161,0.0,0.2630278949136456,0.026435298085623997,-0.0025151515151515132,0.11564582279955742,0.011622842509032116,-0.01616161616161616,1.5714014975373436,0.1579317927979986,0.025525252525252545,1.4707175793275358,0.14781267827906636,0.0,0.0,0.0,0.006848484848484874,2.1713752541740323,0.2182314241562986
R:C:LEU:162,0.0,3.3305293775771747,0.3347307969296787,-0.3499595959595959,1.2700402022354875,0.12764384301461223,-0.04974747474747481,1.881335879301153,0.18908137019015994,0.09305050505050504,1.5729824617966617,0.1580906856845174,0.0,0.0,0.0,-0.3066565656565658,4.326560593134539,0.43483570061105375
R:C:LEU:176,0.0,4.064948370668236,0.40854268295978974,-1.1521616161616162,1.5534147934331954,0.1561240610183439,-0.027808080808080837,2.095616182308368,0.2106173509489053,0.25434343434343437,1.6923740564497523,0.17008999242956294,0.0,0.0,0.0,-0.9256262626262627,5.117874549766957,0.5143657456268506
R:C:ASP:177,0.0,5.18289897658143,0.5209009464132607,-0.042111111111111134,0.8407978888465331,0.08450336732808775,-0.14592929292929346,22.711609060853604,2.282602595154163,0.12807070707070647,26.082471122263115,2.621386979328081,0.0,0.0,0.0,-0.05996969696969838,34.98116448702179,3.515739313125952
R:C:TYR:178,0.0,3.5530692710921166,0.3570968977683062,-0.22978787878787882,2.481579815351751,0.24940815560124827,-0.14001010101010106,2.400351785555387,0.2412444314408135,0.31286868686868685,1.9140277836265165,0.1923670302001426,0.0,0.0,0.0,-0.05692929292929295,5.311095054322927,0.5337851370030722
R:C:ILE:179,0.0,4.027351633756384,0.40476406872711346,-0.23424242424242422,1.7287808987190776,0.1737490177510479,0.004373737373737368,2.6654921468004042,0.26789204038108655,0.00043434343434344653,1.5566192901699278,0.156446125058273,0.0,0.0,0.0,-0.22943434343434335,5.360611586086042,0.5387617356933135
R:C:GLY:182,0.0,0.3634021827309672,0.036523293579236026,-0.0008989898989898996,0.22755865739822329,0.02287050558748299,-0.010989898989898984,1.62820782523952,0.16364104354666803,0.008676767676767684,1.5638599406233085,0.1571738378095451,0.0,0.0,0.0,-0.003212121212121184,2.297947502670167,0.23095241376639872
R:C:GLU:183,0.0,3.2728901955955165,0.3289378411764613,-0.06968686868686869,0.8967988898020155,0.09013167969335045,0.1585959595959598,26.734937926951755,2.686962360519424,0.12236363636363576,26.157255370822742,2.628903079106898,0.0,0.0,0.0,0.2112727272727264,37.55629072437232,3.7745492378862964
R:C:LEU:229,0.0,2.9814204046087576,0.29964402498172216,-0.6683131313131313,1.066966049679299,0.10723412275254346,0.013252525252525292,1.8454651101299278,0.1854762222422084,0.04567676767676767,1.4923862421113718,0.14999046082945186,0.0,0.0,0.0,-0.6093838383838381,3.9573024080218917,0.3977238566478341
R:C:VAL:237,0.0,2.9237101740631224,0.29384392857915315,-0.0371010101010101,0.8679068915563343,0.08722792461381922,-0.008848484848484852,1.828673382471908,0.183788590114224,0.02459595959595959,1.600072584122917,0.16081334542030584,0.0,0.0,0.0,-0.02135353535353514,3.899438699166103,0.39190833509471246
R:C:LEU:238,0.0,3.268003591480773,0.3284467189841095,-0.016080808080808105,0.8544925187176505,0.08587972941673289,-0.022484848484848555,1.5396395508482068,0.15473959704711562,0.039222222222222235,1.2410980454141334,0.1247350468085499,0.0,0.0,0.0,0.000656565656565813,3.9141818102053607,0.3933900735056144
R:C:THR:239,0.0,3.2005620317452177,0.32166858719867986,-1.0132929292929294,1.035004418892907,0.10402185799477577,-0.15693939393939363,3.8399985546487008,0.3859343757962662,1.0000707070707069,1.6831958135403386,0.1691675443094034,0.0,0.0,0.0,-0.170161616161616,5.375273808151614,0.5402353444564764
R:C:ASP:240,0.0,7.3960676166585095,0.7433327638955877,-0.5819797979797979,0.9110526771335413,0.09156423922123506,0.17266666666666627,30.565913429525494,3.0719898854612513,1.0484747474747473,29.254871473704426,2.9402252111620943,0.0,0.0,0.0,0.6391616161616163,42.961080082964735,4.317751006775893
R:C:PHE:241,0.0,3.069351377503693,0.30848142027091646,-0.24291919191919198,1.0460277867240997,0.10512974814696183,0.03745454545454546,0.8401542272698678,0.08443867690560994,0.03090909090909091,0.5604245586610326,0.05632478740542923,0.0,0.0,0.0,-0.17455555555555557,3.3963254880433027,0.3413435548412218
R:C:LEU:243,0.0,3.8634444843619224,0.38829078039383597,-0.01643434343434344,1.259079713896754,0.12654227248919875,-0.0179999999999999,2.4274409594616873,0.24396699585680998,0.02694949494949496,1.3844427366460246,0.13914173033902053,0.0,0.0,0.0,-0.007484848484847943,4.93159571664356,0.49564401847971323
R:C:CYS:244,0.0,2.1459408051933635,0.21567516585271326,-0.35960606060606065,0.7210392228312803,0.07246716852305501,-0.14139393939393938,2.096050625308155,0.21066101411324134,0.33166666666666667,1.2580538116961255,0.12643916543855982,0.0,0.0,0.0,-0.16933333333333328,3.33182939497702,0.33486145359441266
R:C:LYS:245,0.0,4.083745894264923,0.41043190516457956,-0.08163636363636365,1.705514777317213,0.17141068456871933,0.5431717171717171,25.315826039330968,2.5443362494051467,-0.46225252525252636,23.434155081888488,2.355221202594677,0.0,0.0,0.0,-0.000717171717172773,34.779827970250814,3.4955042318312115
L:E:UNL:377,0.0,5.990651509545988,0.6020831305133401,-13.485757575757578,4.383782265199619,0.44058669503883047,-9.451343434343434,7.701298490935477,0.7740096209988858,13.742646464646464,4.61850068497169,0.46417678381971217,0.0,0.0,0.0,-9.194454545454546,11.65100851776675,1.1709704146262765

Backbone Energy Decomposition:
Residue,Internal,,,van der Waals,,,Electrostatic,,,Polar Solvation,,,Non-Polar Solv.,,,TOTAL,,
,Avg.,Std. Dev.,Std. Err. of Mean,Avg.,Std. Dev.,Std. Err. of Mean,Avg.,Std. Dev.,Std. Err. of Mean,Avg.,Std. Dev.,Std. Err. of Mean,Avg.,Std. Dev.,Std. Err. of Mean,Avg.,Std. Dev.,Std. Err. of Mean
R:A:ILE:104,0.0,2.636856983059041,0.2650140981404656,-0.276070707070707,0.9590736509423264,0.09639052868157519,-0.03361616161616186,3.5578736940673474,0.35757976044536693,0.6218787878787879,2.8515721803963165,0.2865937874239462,0.0,0.0,0.0,0.3121919191919185,5.35376186806863,0.5380733131301774
R:A:GLY:105,0.0,2.6577833604303627,0.26711727819992187,-0.3013636363636364,1.1978934187094823,0.12039281844531667,-0.0010808080808086481,5.489040391335491,0.5516693162777393,0.11179797979797976,4.6917366817097665,0.4715372784357089,0.0,0.0,0.0,-0.19064646464646465,7.787215069701199,0.7826445620606106
R:A:LYS:106,0.0,3.2067066169213936,0.32228614124479366,-0.16785858585858587,1.0758237573420402,0.10812435586830008,-0.09813131313131288,4.646558540772871,0.46699670442923985,0.4132626262626263,3.552687884370751,0.3570585669605852,0.0,0.0,0.0,0.14727272727272755,6.7566605331667375,0.6790699340702041
R:A:GLY:107,0.0,3.5945603372826382,0.3612669068199959,-0.1042424242424242,1.7339364255367857,0.17426716769198586,-0.5069595959595956,69.67628345248069,7.002729969646278,0.3975454545454553,67.88214349965342,6.822412119800401,0.0,0.0,0.0,-0.2136565656565641,97.3586014762134,9.784907612434582
R:B:VAL:112,0.0,2.876265529179724,0.28907556235521714,-0.15353535353535355,1.3274937474140993,0.13341814156713308,0.05881818181818132,5.297499183369087,0.5324187005590728,-0.05057575757575761,3.7861401214540047,0.3805213995931381,0.0,0.0,0.0,-0.14529292929293017,7.241097821522019,0.7277577134620731
R:B:ALA:125,0.0,3.57031868714871,0.35883052931110776,-0.1421212121212121,1.4715135404003852,0.14789267537683515,-0.05552525252525238,3.1362395450329017,0.3152039340469413,0.16657575757575757,2.2413446949151625,0.22526361754203603,0.0,0.0,0.0,-0.031070707070707287,5.4563863639443175,0.5483874630428753
R:B:VAL:126,0.0,2.848643955224015,0.28629948972097047,-0.09407070707070705,1.2495240921615531,0.12558189636997977,0.047242424242424884,2.9105546239432187,0.292521746044049,-0.12361616161616158,1.4935918157209394,0.15011162553612126,0.0,0.0,0.0,-0.17044444444444481,4.514225024461264,0.4536966856173012
R:B:LYS:127,0.0,3.174717756620357,0.319071139817835,-0.09058585858585862,1.19701306949506,0.12030434002020385,-0.0020707070707067666,3.294844870605437,0.33114436903713096,-0.06468686868686871,1.975102810625193,0.19850530137030734,0.0,0.0,0.0,-0.1573434343434341,5.125300669876556,0.515112098779931
R:C:LEU:151,0.0,3.381651985042826,0.339868812301442,-0.052919191919191956,0.9845897816133078,0.09895499630391837,-0.019393939393939984,5.484712016216207,0.5512342982103885,0.024323232323232295,4.8864053405679915,0.49110221479554006,0.0,0.0,0.0,-0.04798989898989975,8.14641088082103,0.8187450993864241
R:C:ASN:153,0.0,3.7960575646019987,0.38151814013257984,-0.02888888888888892,0.8239350991723796,0.08280859319875906,-0.08176767676767761,4.398003134638326,0.44201594619400697,0.12413131313131316,2.233947784028339,0.2245202000263,0.0,0.0,0.0,0.013474747474746963,6.278684285379694,0.6310315136880356
R:C:LEU:159,0.0,3.503363832816574,0.3521013132592109,-0.028161616161616127,0.7622840062824733,0.07661242522811765,-0.02049494949495075,2.9492368456323668,0.2964094556016324,0.09582828282828285,2.0291588101447564,0.20393813373618683,0.0,0.0,0.0,0.047171717171715234,5.066568710650723,0.5092093147813086
R:C:VAL:160,0.0,2.920868038958641,0.2935582832535452,-0.22311111111111112,0.7119652029124367,0.0715551952075697,0.09926262626262668,3.0697373974357127,0.30852021673382884,0.2222121212121212,2.464226570582374,0.24766408888018096,0.0,0.0,0.0,0.09836363636363692,4.953187340647212,0.497814058341366
R:C:GLY:161,0.0,2.850675667996222,0.2865036845375518,-0.1653131313131313,0.8374556469546692,0.08416745937918108,-0.05565656565656542,3.547224935061844,0.3565095198967556,0.13495959595959592,2.029747001855571,0.2039972492273859,0.0,0.0,0.0,-0.086010101010101,5.052757797103296,0.5078212657434645
R:C:LEU:162,0.0,3.520222416589463,0.35379566467955775,-0.06429292929292929,1.219794046537266,0.12259391435980076,0.023010101010100783,5.81905722530097,0.5848372560584819,0.023131313131313096,5.368522408895275,0.5395568033006231,0.0,0.0,0.0,-0.01815151515151596,8.749989898529305,0.8794070731158068
R:C:LEU:176,0.0,2.983281233075564,0.2998310452794073,-0.11141414141414142,1.0397032701252762,0.1044941103124566,0.018707070707070603,3.708074351903555,0.3726754945455868,-0.023090909090909082,2.794956567144334,0.2809037041987129,0.0,0.0,0.0,-0.11579797979797979,5.616275226250781,0.5644568983285522
R:C:ASP:177,0.0,5.603492818644014,0.5631722180270664,0.07028282828282825,0.8647548554972743,0.08691113307037762,-1.6055454545454557,6.352333162683905,0.6384335043622473,1.0625050505050506,5.639422695953762,0.5667833065664585,0.0,0.0,0.0,-0.4727575757575776,10.21284278161929,1.0264293196824466
R:C:TYR:178,0.0,3.1896642947547544,0.32057332342106337,-0.1087171717171717,0.7564819227847094,0.07602929389586323,-0.15870707070707074,3.783225770218594,0.3802284962732846,0.31308080808080807,2.7308359044936603,0.2744593351283723,0.0,0.0,0.0,0.04565656565656486,5.702322787991853,0.5731050036746151
R:C:ILE:179,0.0,3.8821351474584613,0.3901692627142651,-0.10114141414141413,0.8390714901697911,0.08432985773265383,-0.1579696969696967,5.011638469295624,0.5036886178049896,0.25375757575757574,3.1697169143651505,0.3185685362603722,0.0,0.0,0.0,-0.005353535353534154,7.137131057566786,0.7173086605315593
R:C:GLY:182,0.0,2.747297648629705,0.27611380266455693,-0.028767676767676765,1.041768485210548,0.1047016722381908,-0.03750505050505102,3.93590390798616,0.39557322647526055,0.03903030303030302,2.5172963922056555,0.25299780663822685,0.0,0.0,0.0,-0.02724242424242482,5.519152710883848,0.554695718262866
R:C:GLU:183,0.0,2.8513319684825125,0.2865696452182413,-0.01829292929292929,1.064186794562425,0.10695479710347236,0.00011111111111006267,3.383053969868731,0.34000971707808736,-0.007010101010101018,2.642893773307982,0.26562081838876295,0.0,0.0,0.0,-0.025191919191919297,5.262369161152237,0.5288880004811897
R:C:LEU:229,0.0,2.9275713602890594,0.2942319923960356,-0.03228282828282834,0.9650014470861055,0.09698629461013976,0.015303030303030596,2.642313544000733,0.26556250314923224,-0.013404040404040408,1.3395769109601405,0.13463254519630638,0.0,0.0,0.0,-0.03038383838383736,4.275299875757282,0.429683804670908
R:C:VAL:237,0.0,3.1130907223410578,0.3128773898285379,-0.021464646464646457,0.9308698014690409,0.09355593515592213,0.006606060606060282,3.004163255692061,0.30192976751827505,0.017373737373737375,1.713809714042172,0.17224435707709596,0.0,0.0,0.0,0.002515151515151691,4.745523473296557,0.47694305438632795
R:C:LEU:238,0.0,2.3068009187016125,0.2318422155569812,-0.07542424242424242,0.9017560900341522,0.09062989706246137,0.0013333333333330967,2.664587708628444,0.26780114092464813,-0.14246464646464646,1.3512736578948614,0.13580811249479754,0.0,0.0,0.0,-0.21655555555555533,3.8807811945445496,0.39003318532640896
R:C:THR:239,0.0,3.0800950421085367,0.30956119919114944,-0.3215454545454545,1.0729779923484337,0.10783834572510854,-0.18604040404040395,2.496181515628094,0.2508756816957288,0.6609696969696971,1.5069337709608341,0.15145254249068027,0.0,0.0,0.0,0.15338383838383865,4.374933004002607,0.43969731082482016
R:C:ASP:240,0.0,8.916891623021588,0.8961813275704786,-0.4742020202020202,0.7882337846963948,0.07922047608847649,-0.09553535353535395,7.441447790932966,0.7478936430164759,0.4239999999999998,3.781806493765932,0.38008585362276137,0.0,0.0,0.0,-0.14573737373737433,12.23966806320828,1.2301329249744801
R:C:PHE:241,0.0,2.1691364781193654,0.21800641869681486,-0.0615858585858586,0.7703306364544117,0.07742114198893803,-0.056787878787879074,3.8110406073092618,0.3830239925834241,0.13657575757575754,2.4764117267744616,0.2488887431559698,0.0,0.0,0.0,0.018202020202020396,5.094625393611836,0.5120291175159744
R:C:LEU:243,0.0,4.003451813245348,0.4023620463879635,-0.04349494949494954,1.0550808713734938,0.1060396173887002,-0.05658585858585834,5.5203421077902535,0.554815257149695,0.08732323232323232,3.6208914864459376,0.3639132868828306,0.0,0.0,0.0,-0.01275757575757489,7.792679526951851,0.7831937606782878
R:C:CYS:244,0.0,3.841914029790993,0.3861268882914855,-0.3044141414141414,0.7700157398179541,0.07738949368618425,-0.12213131313131265,4.0981021056433855,0.4118747586965005,0.4895555555555555,3.4474498363641968,0.34648174517552005,0.0,0.0,0.0,0.06301010101010131,6.635704852869703,0.6669134308033118
R:C:LYS:245,0.0,4.369008372171713,0.4391018629216665,0.6468181818181817,1.4382928598795632,0.14455387135962802,-8.636939393939395,48.42338071080672,4.866732875705425,5.526939393939393,46.63338928229959,4.686831968241473,0.0,0.0,0.0,-2.4631818181818175,67.38437293560807,6.772384295781552
L:E:UNL:377,0.0,0.0,0.0,0.0,0.0,0.0,0.0,0.0,0.0,0.0,0.0,0.0,0.0,0.0,0.0,0.0,0.0,0.0

